100 3953 300
71 44
54 45
16 93
90 1
9 68
28 18
55 41
80 89
20 79
47 100
52 29
84 48
92 23
88 23
72 41
69 71
83 75
40 31
21 70
13 11
90 27
57 30
40 33
99 92
63 57
53 50
92 85
2 42
31 25
39 84
44 58
14 78
92 88
64 9
97 37
93 40
73 72
88 21
99 83
38 4
74 29
67 43
16 17
81 43
64 18
88 9
86 46
20 17
25 1
96 79
30 71
99 64
66 69
53 35
20 24
83 84
69 8
13 89
22 77
76 33
16 54
27 54
48 11
38 28
87 45
75 77
73 5
87 49
72 56
54 71
9 65
22 48
40 76
78 25
20 56
10 96
25 87
20 85
54 62
58 76
55 64
85 47
34 22
47 85
73 40
13 57
69 27
19 75
56 53
91 5
50 44
73 41
58 6
21 88
5 60
49 99
13 77
1 66
35 92
91 48
13 88
24 97
16 93
17 58
36 71
55 84
29 32
8 9
0 5
40 41
5 83
6 48
11 14
17 94
58 95
29 68
21 64
41 42
33 38
6 84
73 74
25 34
39 81
44 47
10 54
2 50
3 15
22 28
14 24
74 75
66 71
13 65
4 96
32 78
24 74
43 87
16 70
35 83
15 25
55 61
1 90
7 21
88 95
18 30
59 68
46 98
70 77
17 71
36 84
9 67
77 85
28 80
29 45
69 81
21 41
40 54
80 90
5 96
6 61
10 31
2 27
62 78
81 91
54 74
73 87
20 81
12 77
31 90
23 86
51 68
3 28
43 64
35 60
14 37
1 67
66 84
13 78
24 87
65 88
16 83
17 48
35 96
76 97
9 44
28 57
68 93
5 73
6 38
58 85
9 80
50 81
77 98
69 94
27 97
19 93
11 89
31 67
10 44
62 91
20 94
12 90
13 55
4 86
32 68
23 99
24 64
51 81
16 60
17 25
35 73
5 50
6 15
46 88
38 84
57 97
9 57
49 93
50 58
29 35
21 31
61 67
7 96
40 44
27 74
6 51
39 48
58 98
50 94
10 21
91 95
42 90
2 17
62 68
8 97
54 64
0 93
20 71
39 84
12 67
13 32
31 80
4 63
32 45
23 76
24 41
51 58
3 18
16 37
84 92
35 50
87 97
34 91
13 68
4 99
5 27
37 96
65 78
16 73
17 38
57 74
76 87
28 47
68 83
26 86
38 97
58 75
50 71
69 84
42 67
61 80
80 93
19 83
20 48
11 79
12 44
39 61
2 30
1 34
12 80
53 81
4 76
32 58
23 89
24 54
64 90
72 94
16 50
35 63
9 11
22 93
1 70
5 40
65 91
49 83
68 96
15 90
7 86
8 51
27 64
18 95
19 60
11 56
30 69
31 34
10 11
42 80
2 7
0 83
19 96
20 61
60 97
11 92
52 93
13 22
4 53
32 35
23 66
24 31
64 67
16 27
35 40
1 47
34 81
53 94
45 90
5 17
46 55
37 86
65 68
56 99
17 28
57 64
3 93
9 24
49 60
28 37
76 77
15 67
27 41
6 18
18 72
38 87
79 88
58 65
30 46
50 61
90 97
82 93
61 70
7 99
8 64
27 77
0 60
19 73
20 38
60 74
11 69
12 34
30 82
39 51
4 30
91 98
23 43
83 94
75 90
41 97
33 93
25 89
4 66
45 67
72 84
24 44
37 63
64 80
16 40
3 70
22 83
14 79
34 94
26 53
5 30
46 68
37 99
38 64
49 73
15 80
7 76
8 41
26 89
27 54
18 85
19 50
11 46
71 97
63 93
21 96
0 73
41 74
20 51
33 70
60 87
52 83
4 43
44 79
23 56
10 86
16 17
22 60
1 37
34 71
53 84
45 80
5 7
37 76
38 41
56 89
3 83
49 50
22 96
14 92
15 57
7 53
18 62
30 36
71 74
50 51
63 70
42 47
82 83
29 77
8 54
48 90
40 86
19 63
60 64
6 93
39 41
52 60
4 20
23 33
75 80
41 87
1 14
33 83
34 48
25 79
53 61
44 92
45 57
85 93
64 70
37 53
10 99
16 30
56 66
2 95
22 73
14 69
15 34
67 81
46 58
18 39
59 77
38 54
78 90
86 94
70 86
49 63
89 99
36 93
8 31
48 67
27 44
19 40
79 91
30 49
63 83
82 96
41 64
60 77
33 60
12 37
25 56
4 33
44 69
10 76
22 50
34 61
74 97
25 92
45 70
37 66
14 82
15 47
55 83
7 43
47 79
26 56
67 94
0 4
18 52
11 13
17 93
9 89
29 67
8 44
21 63
48 80
0 40
6 83
11 49
12 14
4 10
10 53
21 99
41 77
1 4
54 96
33 73
34 38
44 82
45 47
37 43
10 89
51 90
2 85
3 50
22 63
14 59
15 24
7 20
26 33
67 71
18 29
59 67
78 80
70 76
17 70
36 83
55 96
28 79
47 92
48 57
0 17
40 53
5 95
11 26
71 77
63 73
29 80
21 76
40 89
41 54
81 90
60 67
33 50
73 86
52 63
25 46
39 93
44 59
10 66
2 62
3 27
22 40
14 36
34 51
74 87
66 83
85 96
13 77
32 90
37 56
24 86
3 63
16 82
43 99
36 60
55 73
7 33
47 69
26 46
67 84
59 80
5 72
70 89
17 83
36 96
9 79
77 97
28 92
29 57
69 93
48 70
21 53
6 73
10 43
2 39
62 90
54 86
73 99
20 93
25 59
32 67
51 80
2 75
3 40
43 76
22 53
1 79
13 90
16 95
36 73
9 56
55 86
28 69
47 82
0 7
40 43
6 50
58 97
50 93
10 20
29 70
42 89
62 67
41 44
33 40
73 76
39 83
44 49
10 56
3 17
22 30
54 99
14 26
66 73
4 98
24 76
35 85
55 63
28 46
1 92
7 23
47 59
88 97
59 70
5 62
6 27
38 96
17 73
58 74
9 69
77 87
29 47
69 83
61 79
27 86
6 63
30 91
10 33
2 29
62 80
81 93
54 76
20 83
31 92
4 75
32 57
23 88
51 70
3 30
43 66
35 62
1 69
13 80
24 89
16 85
17 50
36 63
9 46
68 95
26 98
5 75
6 40
58 87
50 83
2 6
61 92
8 86
27 99
0 82
19 95
20 60
25 26
11 91
31 69
32 34
2 42
35 39
54 89
14 16
20 96
12 92
13 57
4 88
32 70
24 66
43 79
16 62
17 27
35 75
36 40
9 23
56 98
28 36
1 82
47 49
5 52
6 17
46 90
38 86
9 59
49 95
50 60
29 37
69 73
21 33
61 69
7 98
27 76
19 72
39 50
30 81
31 46
50 96
10 23
91 97
2 19
83 93
62 70
8 99
54 66
0 95
20 73
39 86
12 69
31 82
4 65
32 47
23 78
24 43
51 60
43 56
16 39
72 83
35 52
84 94
1 59
87 99
5 29
46 67
65 80
16 75
57 76
76 89
9 36
49 72
28 49
15 79
26 88
6 30
18 84
38 99
58 77
50 73
69 86
42 69
8 76
27 89
19 85
20 50
39 63
12 46
30 94
31 59
4 42
23 55
1 36
12 82
13 47
53 83
72 96
45 79
24 56
64 92
16 52
9 13
22 95
14 91
5 42
6 7
46 80
38 76
65 93
57 89
49 85
68 98
42 46
15 92
21 23
7 88
8 53
27 66
0 49
18 97
19 62
20 27
11 58
30 71
31 36
10 13
23 32
2 9
8 89
54 56
0 85
41 86
20 63
60 99
11 94
52 95
13 24
53 60
4 55
32 37
23 68
24 33
44 91
10 98
16 29
64 69
35 42
72 73
87 89
34 83
53 96
45 92
46 57
37 88
38 53
65 70
57 66
3 95
9 26
49 62
68 75
76 79
15 69
7 65
26 78
27 43
6 20
18 74
19 39
79 90
71 86
90 99
42 59
82 95
8 66
0 62
40 98
19 75
60 76
11 71
12 36
39 53
31 49
4 32
23 45
83 96
75 92
41 99
34 60
13 37
25 91
53 73
45 69
64 82
37 65
56 78
14 81
15 46
34 96
26 55
67 93
5 32
18 51
46 70
70 98
49 75
15 82
8 43
27 56
0 39
18 87
11 48
71 99
63 95
41 76
1 3
33 72
12 49
13 14
25 68
4 45
44 81
45 46
2 84
22 62
1 39
14 58
34 73
45 82
5 9
46 47
37 78
38 43
78 79
3 85
9 16
22 98
49 52
14 94
15 59
55 95
7 55
8 20
26 68
18 64
79 80
11 25
30 38
71 76
82 85
8 56
48 92
0 52
40 88
41 53
20 30
60 66
52 62
31 39
4 22
44 58
75 82
41 89
33 85
34 50
74 86
25 81
53 63
44 94
45 59
85 95
64 72
37 55
93 99
56 68
2 97
3 62
22 75
14 71
15 36
7 32
26 45
67 83
18 41
59 79
78 92
70 88
36 95
28 91
7 68
8 33
48 69
27 46
0 29
40 65
19 42
6 72
11 38
30 51
71 89
63 85
29 92
21 88
60 79
33 62
52 75
4 35
44 71
10 78
3 39
14 48
34 63
24 98
36 72
15 49
55 85
7 45
8 10
26 58
67 96
0 6
18 54
59 92
11 15
17 95
9 91
29 69
48 82
21 65
0 42
33 39
12 16
4 12
44 48
10 55
2 51
22 29
1 6
54 98
33 75
34 40
25 71
45 49
32 79
37 45
51 92
56 58
2 87
43 88
35 84
14 61
55 62
7 22
26 35
67 73
18 31
59 69
78 82
70 78
17 72
36 85
9 68
55 98
28 81
29 46
47 94
8 23
48 59
0 19
40 55
5 97
6 62
63 75
29 82
21 78
62 79
41 56
81 92
33 52
73 88
52 65
25 48
39 95
31 91
51 69
2 64
14 38
74 89
66 85
85 98
13 79
32 92
24 88
16 84
36 62
15 39
55 75
7 35
47 71
18 44
59 82
5 74
17 85
58 86
9 81
29 59
69 95
48 72
21 55
40 68
6 75
10 45
3 6
62 92
14 15
20 95
25 61
32 69
51 82
24 65
3 42
43 78
35 74
15 16
1 81
7 12
47 48
16 97
17 62
57 98
28 71
48 49
21 32
0 9
80 81
6 52
58 99
50 95
10 22
42 91
21 68
62 69
81 82
0 94
33 42
73 78
20 72
39 85
44 51
10 58
23 77
3 19
43 55
84 93
14 28
87 98
13 69
32 82
24 78
43 91
16 74
35 87
36 52
76 88
28 48
47 61
88 99
5 64
38 98
58 76
9 71
50 72
77 89
29 49
69 85
21 45
61 81
40 58
80 94
27 88
6 65
19 84
39 62
30 93
10 35
62 82
54 78
20 85
39 98
12 81
13 46
4 77
23 90
24 55
51 72
43 68
16 51
35 64
1 71
13 82
5 41
46 79
65 92
16 87
17 52
57 88
36 65
9 48
49 84
28 61
68 97
15 91
5 77
6 42
58 89
50 85
10 12
69 98
42 81
2 8
61 94
8 88
54 55
19 97
20 62
39 75
12 58
23 67
24 32
3 9
43 45
14 18
1 48
87 88
12 94
13 59
53 95
4 90
32 72
45 91
65 69
16 64
17 29
35 77
36 42
9 25
76 78
28 38
1 84
68 74
88 89
5 54
6 19
38 88
58 66
49 97
50 62
77 79
69 75
42 58
61 71
80 84
8 65
27 78
19 74
20 39
11 70
31 48
10 25
75 91
41 98
20 75
12 71
31 84
4 67
32 49
23 80
24 45
64 81
43 58
72 85
84 96
35 54
1 61
34 95
5 31
46 69
65 82
17 42
76 91
9 38
49 74
15 81
7 77
26 90
27 55
6 32
18 86
58 79
30 60
71 98
50 75
42 71
61 84
8 78
27 91
19 87
60 88
39 65
30 96
23 57
16 18
1 38
34 72
72 98
45 81
5 8
64 94
37 77
16 54
17 19
56 90
3 84
49 51
14 93
26 67
5 44
38 78
57 91
49 87
50 52
42 48
15 94
27 68
0 51
18 99
19 64
20 29
11 60
12 25
39 42
2 11
83 85
75 81
0 87
1 15
12 61
13 26
52 97
4 57
32 39
44 93
24 35
53 62
64 71
56 67
72 75
35 44
22 74
1 51
87 91
34 85
53 98
45 94
46 59
86 95
37 90
38 55
65 72
57 68
3 97
49 64
68 77
15 71
7 67
8 32
26 80
27 45
18 76
19 41
79 92
11 37
30 50
42 61
8 68
0 64
20 42
12 38
31 51
4 34
23 47
83 98
1 28
33 97
34 62
25 93
53 75
45 71
64 84
37 67
56 80
3 74
22 87
14 83
26 57
67 95
18 53
38 68
8 45
48 81
27 58
0 41
18 89
19 54
11 50
12 15
30 63
4 11
23 24
41 78
1 5
33 74
52 87
13 16
25 70
4 47
44 83
45 48
24 25
37 44
16 21
56 57
2 86
3 51
22 64
14 60
67 72
5 11
46 49
37 80
38 45
78 81
3 87
49 54
89 90
14 96
15 61
55 97
7 57
8 22
47 93
27 35
0 18
19 31
11 27
30 40
71 78
82 87
29 81
21 77
0 54
40 90
20 32
33 51
52 64
4 24
44 60
10 67
2 63
22 41
1 18
33 87
34 52
74 88
53 65
45 61
85 97
37 57
56 70
2 99
3 64
22 77
14 73
55 74
7 34
26 47
67 85
86 98
18 43
59 81
70 90
17 84
36 97
28 93
29 58
8 35
48 71
19 44
6 74
11 40
63 87
29 94
41 68
52 77
25 60
44 73
10 80
2 76
66 97
18 20
16 96
15 51
28 70
55 87
7 47
8 12
47 83
0 8
59 94
5 86
11 17
17 97
63 64
9 93
29 71
48 84
33 41
6 87
52 54
25 37
4 14
44 50
10 57
2 53
22 31
14 27
34 42
74 78
25 73
66 74
45 51
85 87
32 81
37 47
51 94
24 77
3 54
43 90
35 86
14 63
15 28
55 64
1 93
7 24
47 60
67 75
18 33
59 71
78 84
70 80
17 74
36 87
9 70
77 88
28 83
29 48
47 96
48 61
21 44
5 99
6 64
11 30
21 80
81 94
54 77
20 84
25 50
39 97
44 63
31 93
10 70
51 71
3 31
43 67
22 44
14 40
74 91
13 81
32 94
24 90
16 86
36 64
28 60
7 37
47 73
5 76
6 41
17 87
58 88
50 84
29 61
69 97
21 57
40 70
6 77
25 27
39 74
10 47
2 43
3 8
62 94
14 17
20 97
12 93
4 89
32 71
51 84
24 67
3 44
43 80
35 76
36 41
15 18
1 83
13 94
18 23
59 61
5 53
46 91
17 64
36 77
49 96
77 78
28 73
29 38
69 74
48 51
21 34
40 47
5 89
6 54
92 94
50 97
10 24
42 93
2 20
62 71
81 84
54 67
0 96
33 44
73 80
20 74
39 87
12 70
31 83
32 48
23 79
51 61
2 56
43 57
84 95
35 53
14 30
1 60
13 71
32 84
24 80
65 81
16 76
17 41
35 89
36 54
76 90
28 50
1 96
47 63
68 86
6 31
58 78
9 73
50 74
69 87
42 70
21 47
61 83
80 96
8 77
27 90
11 82
39 64
30 95
31 60
10 37
2 33
54 80
20 87
12 83
13 48
4 79
32 61
23 92
24 57
51 74
64 93
16 53
17 18
35 66
1 73
5 43
46 81
38 77
17 54
57 90
49 86
68 99
15 93
21 24
7 89
27 67
6 44
18 98
58 91
30 72
50 87
10 14
42 83
2 10
61 96
8 90
54 57
19 99
20 64
39 77
12 60
13 25
31 73
4 56
32 38
23 69
24 34
3 11
43 47
84 85
35 43
1 50
34 84
13 61
53 97
4 92
45 93
5 20
37 89
65 71
17 31
3 96
36 44
76 80
28 40
88 91
26 79
38 90
69 77
80 86
8 67
27 80
0 63
19 76
20 41
11 72
39 54
30 85
23 46
2 23
83 97
75 93
54 70
0 99
1 27
20 77
33 96
12 73
13 38
72 87
23 82
24 47
84 98
16 43
56 79
35 56
22 86
1 63
34 97
5 33
46 71
65 84
38 67
9 40
49 76
68 89
15 83
7 79
19 53
30 62
50 77
63 96
42 73
8 80
0 76
20 54
11 85
39 67
31 63
23 59
16 20
1 40
34 74
53 87
5 10
46 48
37 79
38 44
17 21
49 53
28 30
14 95
15 60
26 69
27 34
46 84
6 11
18 65
38 80
30 39
49 89
50 54
42 50
15 96
61 63
8 57
48 93
27 70
20 31
39 44
12 27
30 75
31 40
23 36
83 87
75 83
94 96
41 90
1 17
52 99
53 64
4 59
44 95
45 60
24 37
64 73
72 77
16 33
56 69
2 98
14 72
45 96
5 23
86 97
37 92
38 57
78 93
49 66
68 79
15 73
7 69
8 34
26 82
27 47
0 30
18 78
19 43
79 94
11 39
30 52
71 90
63 86
82 99
29 93
0 66
41 67
20 44
60 80
12 40
52 76
4 36
44 72
23 49
10 79
75 96
34 64
25 95
53 77
45 73
64 86
37 69
56 82
3 76
22 89
14 85
15 50
7 46
26 59
67 97
19 20
17 96
7 82
8 47
0 43
40 79
20 21
6 86
12 17
52 53
4 13
63 99
23 26
41 80
60 93
34 41
25 72
53 54
45 50
37 46
10 92
16 23
56 59
3 53
22 66
14 62
15 27
26 36
5 13
18 32
46 51
38 47
78 83
70 79
3 89
49 56
89 92
36 86
15 63
55 99
47 95
8 24
48 60
0 20
18 68
19 33
5 98
11 29
79 84
30 42
71 80
63 76
82 89
29 83
48 96
40 92
41 57
60 70
33 53
52 66
25 49
4 26
44 62
10 69
2 65
22 43
1 20
14 39
34 54
74 90
25 85
66 86
45 63
85 99
32 93
37 59
35 98
14 75
15 40
55 76
7 36
26 49
67 87
18 45
59 83
78 96
70 92
17 86
9 82
28 95
48 73
21 56
0 33
40 69
6 76
11 42
10 46
29 96
21 92
41 70
33 66
25 62
44 75
10 82
2 78
3 43
22 56
14 52
66 99
13 93
18 22
59 60
36 76
28 72
7 49
8 14
47 85
48 50
0 10
40 46
19 23
5 88
6 53
92 93
30 32
17 99
9 95
29 73
21 69
33 43
6 89
52 56
25 39
73 79
44 52
10 59
2 55
3 20
22 33
14 29
74 80
66 76
85 89
13 70
32 83
51 96
24 79
3 56
43 92
36 53
15 30
1 95
7 26
47 62
26 39
67 77
59 73
5 65
70 82
17 76
36 89
77 90
28 85
29 50
21 46
0 23
80 95
6 66
10 36
2 32
62 83
81 96
54 79
33 56
20 86
39 99
32 60
51 73
3 33
43 69
22 46
35 65
14 42
1 72
13 83
32 96
24 92
16 88
17 53
36 66
9 49
55 79
28 62
47 75
5 78
6 43
9 85
50 86
29 63
69 99
21 59
61 95
19 98
25 29
39 76
2 45
3 10
62 96
54 92
14 19
20 99
12 95
13 60
4 91
32 73
51 86
24 69
43 82
16 65
35 78
36 43
55 56
28 39
1 85
7 16
88 90
5 55
38 89
17 66
58 67
9 62
49 98
28 75
29 40
69 76
21 36
61 72
40 49
27 79
6 56
92 96
50 99
42 95
62 73
81 86
0 98
73 82
20 76
25 42
12 72
31 85
23 81
24 46
51 63
3 23
43 59
84 97
35 55
14 32
1 62
13 73
65 83
16 78
17 43
57 79
36 56
9 39
76 92
28 52
68 88
6 33
58 80
77 93
50 76
69 89
42 72
21 49
61 85
80 98
27 92
0 75
20 53
39 66
31 62
10 39
23 58
93 97
2 35
54 82
20 89
12 85
13 50
53 86
4 81
32 63
23 94
24 59
64 95
43 72
16 55
56 91
72 99
28 29
1 75
5 45
6 10
46 83
38 79
65 96
17 56
57 92
49 88
50 53
29 30
61 62
7 91
27 69
19 65
30 74
50 89
10 16
42 85
2 12
83 86
62 63
8 92
54 59
0 88
20 66
11 97
12 62
13 27
39 79
32 40
23 71
51 53
43 49
16 32
84 87
35 45
95 96
1 52
87 92
34 86
13 63
53 99
5 22
46 60
37 91
65 73
16 68
57 69
3 98
9 29
76 82
28 42
68 78
15 72
26 81
5 58
6 23
18 77
38 92
79 93
58 70
69 79
42 62
82 98
8 69
27 82
0 65
19 78
20 43
11 74
12 39
30 87
31 52
39 56
23 48
83 99
75 95
1 29
33 98
12 75
13 40
53 76
4 71
45 72
72 89
24 49
64 85
16 45
56 81
35 58
22 88
1 65
34 99
5 35
46 73
65 86
38 69
57 82
49 78
15 85
7 81
8 46
26 94
27 59
18 90
11 51
30 64
63 98
42 75
0 78
20 56
12 52
52 88
31 65
4 48
44 84
24 26
10 91
16 22
1 42
34 76
45 85
46 50
64 98
37 81
38 46
56 94
49 55
14 97
15 62
7 58
26 71
6 13
18 67
19 32
38 82
30 41
71 79
50 56
90 92
42 52
82 88
7 94
8 59
48 95
27 72
40 91
19 68
20 33
60 69
11 64
12 29
30 77
31 42
4 25
91 93
23 38
83 89
75 85
41 92
1 19
33 88
34 53
13 30
25 84
4 61
45 62
72 79
64 75
37 58
16 35
56 71
3 65
22 78
14 74
34 89
26 48
67 86
5 25
46 63
37 94
38 59
78 95
57 72
70 91
86 99
49 68
36 98
15 75
8 36
27 49
0 32
18 80
19 45
79 96
11 41
71 92
63 88
29 95
41 69
60 82
12 42
52 78
4 38
44 74
10 81
22 55
1 32
34 66
53 79
66 98
45 75
37 71
56 84
3 78
14 87
15 52
55 88
8 13
26 61
67 99
59 95
19 22
11 18
30 31
17 98
63 65
9 94
29 72
8 49
48 85
0 45
40 81
41 46
20 23
11 54
52 55
31 32
23 28
1 9
33 78
34 43
52 91
25 74
53 56
44 87
45 52
85 88
37 48
51 95
56 61
2 90
3 55
22 68
14 64
15 29
7 25
26 38
67 76
86 89
59 72
38 49
78 85
70 81
28 84
7 61
8 26
47 97
27 39
0 22
48 62
11 31
30 44
63 78
82 91
29 85
21 81
41 59
81 95
60 72
52 68
25 51
4 28
44 64
10 71
2 67
3 32
22 45
14 41
34 56
25 87
66 88
32 95
37 61
24 91
3 68
14 77
15 42
7 38
47 74
26 51
78 98
70 94
17 88
9 84
28 97
29 62
48 75
21 58
0 35
40 71
6 78
10 48
2 44
21 94
62 95
33 68
20 98
10 84
51 85
2 80
3 45
22 58
15 19
7 15
26 28
13 95
18 24
59 62
70 71
36 78
55 91
28 74
29 39
47 87
48 52
0 12
40 48
19 25
5 90
6 55
11 21
92 95
63 68
9 97
50 98
29 75
21 71
41 49
81 85
33 45
6 91
73 81
25 41
39 88
44 54
10 61
51 62
2 57
3 22
22 35
14 31
74 82
66 78
85 91
13 72
51 98
24 81
43 94
16 77
35 90
36 55
15 32
55 68
1 97
7 28
47 64
93 95
18 37
59 75
5 67
17 78
9 74
77 92
28 87
29 52
21 48
40 61
80 97
10 38
2 34
62 85
81 98
73 94
20 88
25 54
12 84
31 97
32 62
3 35
43 71
35 67
14 44
24 94
65 95
36 68
9 51
47 77
21 25
5 80
6 45
58 92
50 88
21 61
8 91
54 58
20 65
25 31
11 96
31 74
10 51
51 52
2 47
3 12
43 48
84 86
54 94
14 21
66 68
12 97
4 93
32 75
24 71
43 84
16 67
17 32
35 80
36 45
55 58
28 41
1 87
47 54
5 57
6 22
46 95
38 91
58 69
50 65
29 42
69 78
61 74
40 51
80 87
27 81
6 58
19 77
39 55
10 28
42 97
2 24
62 75
54 71
73 84
20 78
39 91
12 74
13 39
31 87
4 70
32 52
51 65
24 48
72 88
3 25
16 44
84 99
35 57
34 98
13 75
5 34
46 72
65 85
57 81
36 58
9 41
49 77
28 54
68 90
76 94
6 35
58 82
50 78
69 91
42 74
8 81
27 94
0 77
19 90
20 55
11 86
12 51
30 99
31 64
39 68
23 60
1 41
12 87
53 88
4 83
45 84
24 61
64 97
56 93
17 22
35 70
9 18
28 31
1 77
5 47
6 12
46 85
38 81
57 94
9 54
49 90
50 55
15 97
21 28
61 64
7 93
27 71
19 67
11 63
39 45
30 76
31 41
10 18
91 92
42 87
2 14
62 65
75 84
8 94
54 61
94 97
0 90
41 91
20 68
11 99
12 64
13 29
4 60
32 42
23 73
24 38
64 74
43 51
16 34
72 78
35 47
84 89
95 98
87 94
34 88
45 97
5 24
65 75
38 58
17 35
57 71
76 84
9 31
68 80
15 74
7 70
27 48
6 25
18 79
38 94
58 72
30 53
71 91
50 68
42 64
61 77
8 71
27 84
0 67
19 80
20 45
60 81
11 76
39 58
30 89
31 54
4 37
23 50
75 97
1 31
13 42
25 96
4 73
45 74
53 78
24 51
37 70
64 87
16 47
56 83
72 91
3 77
22 90
14 86
67 98
46 75
49 80
15 87
7 83
8 48
26 96
27 61
0 44
18 92
19 57
20 22
12 18
23 27
2 4
0 80
41 81
20 58
33 77
60 94
52 90
13 19
53 55
4 50
44 86
23 63
10 93
16 24
56 60
2 89
35 37
22 67
1 44
34 78
53 91
45 87
5 14
46 52
37 83
38 48
56 96
57 61
86 88
3 90
49 57
89 93
68 70
14 99
15 64
7 60
8 25
26 73
27 38
18 69
19 34
79 85
30 43
71 81
90 94
42 54
82 90
29 84
8 61
48 97
40 93
19 70
11 66
52 67
31 44
4 27
23 40
75 87
41 94
1 21
33 90
34 55
25 86
44 99
45 64
72 81
37 60
3 67
22 80
26 50
67 88
46 65
59 84
78 97
15 77
28 96
7 73
8 38
48 74
27 51
18 82
19 47
11 43
71 94
63 90
29 97
21 93
41 71
33 67
52 80
25 63
4 40
44 76
10 83
2 79
22 57
14 53
34 68
25 99
45 77
37 73
3 80
14 89
15 54
8 15
26 63
0 11
18 59
19 24
59 97
11 20
30 33
63 67
9 96
48 87
21 70
40 83
41 48
20 25
60 61
6 90
12 21
52 57
4 17
44 53
23 30
10 60
41 84
1 11
33 80
34 45
74 81
25 76
53 58
44 89
45 54
85 90
93 94
37 50
10 96
51 97
56 63
3 57
43 93
22 70
14 66
15 31
7 27
26 40
86 91
18 36
59 74
78 87
70 83
17 77
28 86
47 99
8 28
48 64
0 24
19 37
6 67
11 33
71 84
63 80
40 96
41 61
73 93
52 70
25 53
10 73
2 69
22 47
14 43
74 94
66 90
32 97
24 93
16 89
36 67
55 80
7 40
67 91
0 1
70 96
17 90
9 86
29 64
48 77
21 60
40 73
33 34
6 80
25 30
4 7
10 50
2 46
62 97
22 24
54 93
25 66
66 67
12 96
32 74
37 40
2 82
3 47
43 83
35 79
14 56
55 57
1 86
7 17
47 53
26 30
67 68
18 26
70 73
17 67
36 80
9 63
28 76
29 41
47 89
8 18
21 37
48 54
0 14
40 50
5 92
6 57
11 23
92 97
9 99
10 27
42 96
21 73
41 51
81 87
33 47
73 83
39 90
44 56
31 86
10 63
51 64
3 24
43 60
22 37
14 33
74 84
66 80
13 74
32 87
24 83
43 96
16 79
35 92
36 57
55 70
28 53
1 99
7 30
47 66
5 69
6 34
17 80
58 81
9 76
77 94
28 89
29 54
69 90
21 50
61 86
27 93
6 70
30 98
10 40
2 36
62 87
54 83
73 96
20 90
12 86
13 51
31 99
4 82
32 64
23 95
24 60
51 77
3 37
16 56
43 73
35 69
13 87
5 46
24 96
36 70
9 53
28 66
29 31
21 27
5 82
6 47
58 94
50 90
10 17
42 86
61 99
62 64
8 93
54 60
33 37
20 67
25 33
11 98
12 63
23 72
2 49
43 50
84 88
14 23
1 53
87 93
66 70
12 99
13 64
4 95
32 77
24 73
65 74
16 69
17 34
35 82
36 47
9 30
96 98
28 43
1 89
47 56
88 94
5 59
6 24
46 97
38 93
58 71
9 66
50 67
29 44
42 63
69 80
80 89
8 70
27 83
39 57
30 88
31 53
10 30
42 99
62 77
54 73
20 80
12 76
13 41
31 89
4 72
32 54
51 67
24 50
72 90
43 63
16 46
5 36
46 74
65 87
38 70
17 47
57 83
76 96
9 43
28 56
68 92
15 86
26 95
27 60
18 91
58 84
30 65
50 80
42 76
2 3
61 89
27 96
0 79
19 92
11 88
31 66
23 62
24 27
35 36
1 43
34 77
13 54
53 90
4 85
45 86
64 99
37 82
16 59
17 24
56 95
36 37
9 20
57 60
28 33
68 69
46 87
6 14
38 83
57 96
58 61
90 93
42 53
15 99
61 66
7 95
8 60
0 56
19 69
20 34
39 47
30 78
31 43
91 94
2 16
75 86
54 63
94 99
0 92
41 93
12 66
13 31
53 67
4 62
32 44
72 80
24 40
64 76
43 53
56 72
35 49
1 56
87 96
34 90
45 99
5 26
46 64
65 77
17 37
57 73
76 86
9 33
68 82
15 76
7 72
18 81
79 97
71 93
50 70
63 89
8 73
0 69
20 47
60 83
39 60
52 79
31 56
23 52
75 99
1 33
34 67
13 44
25 98
53 80
45 76
72 93
64 89
16 49
56 85
3 79
9 10
22 92
14 88
15 53
26 62
46 77
18 58
59 96
38 73
49 82
15 89
7 85
8 50
48 86
27 63
0 46
18 94
19 59
20 24
11 55
12 20
30 68
31 33
23 29
75 76
41 83
1 10
60 96
33 79
12 56
13 21
25 75
4 52
44 88
45 53
52 92
53 57
10 95
2 91
22 69
1 46
14 65
34 80
45 89
5 16
86 90
37 85
38 50
65 67
57 63
78 86
3 92
49 59
89 95
97 99
7 62
8 27
26 75
27 40
47 98
18 71
19 36
79 87
11 32
30 45
71 83
90 96
82 92
29 86
8 63
21 82
48 99
0 59
41 60
20 37
60 73
11 68
12 33
52 69
4 29
44 65
23 42
10 72
75 89
41 96
1 23
33 92
74 93
25 88
53 70
64 79
37 62
56 75
3 69
22 82
15 43
7 39
26 52
67 90
59 86
38 63
78 99
70 95
17 89
28 98
7 75
8 40
48 76
27 53
0 36
19 49
6 79
11 45
30 58
71 96
4 6
63 92
29 99
21 95
41 73
33 69
52 82
25 65
44 78
37 39
10 85
2 81
3 46
15 20
34 70
26 29
5 6
13 96
18 25
37 75
38 40
70 72
3 82
15 56
55 92
7 52
47 88
26 65
27 30
0 13
18 61
59 99
5 91
11 22
30 35
71 73
63 69
9 98
29 76
48 89
21 72
40 85
41 50
33 46
6 92
12 23
4 19
44 55
2 58
22 36
1 13
33 82
74 83
25 78
66 79
93 96
45 56
85 92
32 86
37 52
51 99
56 65
2 94
3 59
43 95
22 72
14 68
15 33
1 98
7 29
26 42
67 80
18 38
59 76
78 89
70 85
89 98
17 79
36 92
9 75
28 88
29 53
8 30
48 66
0 26
40 62
6 69
11 35
63 82
29 89
21 85
62 86
81 99
25 55
44 68
31 98
10 75
51 76
2 71
3 36
22 49
14 45
74 96
66 92
13 86
32 99
24 95
55 82
28 65
7 42
47 78
0 3
59 89
5 81
11 12
17 92
58 93
9 88
29 66
48 79
40 75
33 36
6 82
25 32
4 9
44 45
2 48
62 99
22 26
54 95
66 69
51 89
3 49
43 85
35 81
36 46
55 59
96 97
1 88
7 19
47 55
26 32
67 70
13 99
59 66
88 93
17 69
9 65
77 83
28 78
29 43
47 91
48 56
21 39
0 16
80 88
6 59
92 99
42 98
62 76
54 72
33 49
73 85
20 79
25 45
39 92
32 53
23 84
51 66
2 61
3 26
43 62
22 39
14 35
66 82
13 76
32 89
24 85
43 98
16 81
17 46
76 95
9 42
55 72
28 55
47 68
5 71
6 36
17 82
9 78
50 79
77 96
29 56
61 88
27 95
39 69
10 42
2 38
62 89
54 85
73 98
20 92
12 88
13 53
4 84
32 66
23 97
24 62
43 75
35 71
28 32
1 78
7 9
13 89
5 48
46 86
16 94
17 59
57 95
58 60
9 55
49 91
28 68
29 33
21 29
61 65
6 49
58 96
50 92
10 19
42 88
62 66
8 95
54 62
73 75
20 69
25 35
12 65
31 78
32 43
23 74
24 39
43 52
84 90
14 25
95 99
1 55
13 66
24 75
65 76
16 71
36 49
76 85
28 45
1 91
47 58
68 81
88 96
5 61
46 99
38 95
58 73
77 86
50 69
69 82
42 65
21 42
61 78
80 91
8 72
19 81
20 46
11 77
30 90
10 32
23 51
20 82
12 78
4 74
32 56
23 87
24 52
64 88
43 65
72 92
35 61
1 68
5 38
65 89
38 72
17 49
76 98
9 45
49 81
7 84
19 58
30 67
50 82
42 78
2 5
8 85
27 98
0 81
19 94
20 59
60 95
11 90
12 55
13 20
31 68
4 51
32 33
23 64
16 25
35 38
1 45
13 56
53 92
45 88
5 15
46 53
37 84
65 66
16 61
17 26
56 97
3 91
9 22
49 58
28 35
57 62
15 65
5 51
6 16
18 70
38 85
46 89
79 86
49 94
50 59
90 95
61 68
7 97
8 62
27 75
0 58
20 36
11 67
39 49
30 80
31 45
91 96
23 41
2 18
83 92
75 88
41 95
1 22
33 91
12 68
13 33
53 69
4 64
32 46
45 65
24 42
64 78
72 82
56 74
35 51
22 81
1 58
34 92
5 28
46 66
38 62
57 75
9 35
49 71
68 84
15 78
7 74
26 87
27 52
19 48
11 44
30 57
71 95
63 91
42 68
8 75
0 71
41 72
20 49
60 85
11 80
12 45
52 81
4 41
44 77
1 35
34 69
45 78
64 91
38 39
56 87
3 81
22 94
15 55
7 51
26 64
27 29
18 60
59 98
30 34
71 72
42 45
7 87
27 65
40 84
19 61
20 26
60 62
11 57
12 22
30 70
31 35
4 18
23 31
75 78
41 85
1 12
60 98
33 81
34 46
52 94
13 23
25 77
4 54
44 90
45 55
53 59
37 51
10 97
56 64
64 68
2 93
22 71
14 67
34 82
26 41
67 79
46 56
37 87
38 52
57 65
70 84
3 94
89 97
36 91
15 68
7 64
8 29
0 25
18 73
19 38
79 89
11 34
30 47
71 85
63 81
82 94
29 88
41 62
52 71
4 31
44 67
23 44
10 74
2 70
22 48
1 25
33 94
74 95
25 90
53 72
66 91
45 68
37 64
56 77
3 71
22 84
14 80
15 45
55 81
7 41
67 92
18 50
59 88
70 97
17 91
9 87
29 65
8 42
48 78
0 38
40 74
6 81
11 47
4 8
63 94
21 97
62 98
41 75
1 2
33 71
34 36
52 84
25 67
44 80
37 41
10 87
51 88
2 83
3 48
22 61
14 57
15 22
7 18
26 31
13 98
18 27
70 74
36 81
15 58
28 77
55 94
7 54
8 19
47 90
27 32
0 15
18 63
19 28
5 93
71 75
29 78
21 74
81 88
60 65
6 94
52 61
25 44
4 21
44 57
10 64
2 60
14 34
34 49
74 85
25 80
66 81
93 98
45 58
85 94
32 88
37 54
24 84
3 61
43 97
35 93
15 35
7 31
47 67
26 44
67 82
18 40
59 78
78 91
70 87
17 81
36 94
9 77
77 95
28 90
29 55
21 51
0 28
40 64
10 41
21 87
62 88
41 65
54 84
33 61
73 97
20 91
44 70
10 77
23 96
2 73
3 38
22 51
14 47
74 98
7 8
