100 0 500
29 2
68 5
22 11
55 23
63 37
59 13
33 38
14 24
18 66
9 56
59 54
94 26
60 48
16 76
96 65
18 41
7 42
51 64
45 59
51 96
89 76
17 18
61 89
14 22
39 21
79 58
26 30
16 54
64 45
17 98
63 35
46 66
71 39
2 20
29 77
12 21
91 54
45 66
45 85
74 37
78 80
47 41
55 61
30 68
70 48
47 44
4 10
30 49
89 10
89 4
33 79
16 6
60 41
51 3
81 79
67 43
86 80
91 30
32 86
1 87
50 83
77 83
78 39
98 58
55 86
81 69
37 1
95 22
17 50
36 74
13 34
25 68
68 51
84 78
59 97
34 39
81 25
9 8
24 24
97 76
24 91
83 52
83 77
19 64
58 6
52 49
46 82
22 54
31 84
23 32
50 22
71 64
83 50
73 44
26 42
19 13
29 58
23 16
17 38
31 57
