200 7917 500
98 24
86 21
9 41
59 5
80 86
86 51
42 1
83 59
16 6
47 50
47 37
51 38
64 47
16 63
9 78
43 76
85 47
15 48
43 75
53 5
68 12
10 29
51 71
77 89
91 58
66 82
46 30
24 76
95 100
73 64
95 4
74 64
41 35
83 55
13 98
45 27
15 46
95 64
10 98
92 96
60 82
58 84
15 37
7 80
25 60
48 11
42 78
94 92
43 56
98 62
19 61
26 19
88 49
71 18
71 38
49 63
81 66
64 18
20 86
99 72
25 4
67 10
3 14
17 73
18 76
64 71
61 83
23 46
6 96
92 64
54 38
53 11
56 41
96 67
6 5
28 38
64 49
82 14
71 66
66 72
30 6
57 81
44 19
41 64
59 15
39 87
46 5
4 76
43 19
66 96
48 33
18 90
50 15
32 59
20 35
63 96
92 46
89 49
81 61
56 97
65 62
79 62
44 12
72 1
21 8
52 22
3 94
59 85
47 79
76 11
28 80
59 57
39 19
8 47
16 22
51 30
6 15
59 27
82 26
8 98
46 78
67 74
50 70
79 28
90 60
56 66
43 98
71 43
57 40
66 35
92 82
62 46
80 53
100 88
100 76
64 67
12 42
47 14
95 39
31 39
36 94
52 38
94 40
5 19
88 36
13 8
59 94
60 79
61 75
82 72
40 39
96 55
97 28
19 98
23 23
12 58
70 90
10 10
36 56
30 10
30 57
93 72
7 74
33 32
45 97
15 7
77 11
39 71
73 41
50 38
37 16
73 80
20 56
77 46
80 92
68 44
93 84
100 16
100 41
30 27
59 20
40 68
61 34
69 52
81 26
72 42
35 9
79 98
65 30
6 21
13 13
46 28
26 60
24 74
29 16
54 46
22 79
44 75
53 2
1 69
32 101
76 107
53 160
37 152
56 165
50 91
69 104
129 155
41 42
27 107
25 34
48 166
20 104
6 169
39 117
36 48
96 99
44 168
16 106
76 120
34 160
78 166
69 117
55 182
8 107
113 160
11 112
30 125
71 163
90 176
103 115
122 128
106 120
166 171
25 168
99 117
15 123
1 188
120 176
18 128
59 166
78 179
119 180
17 169
91 118
55 195
3 5
75 110
94 123
173 187
112 177
131 190
87 120
45 123
64 136
105 174
3 126
149 180
61 67
66 182
38 120
43 198
82 126
101 139
40 129
100 180
58 183
91 131
61 188
52 139
93 140
179 180
65 78
10 142
115 195
54 185
73 198
12 188
130 180
149 193
61 80
47 145
121 131
0 70
19 83
63 126
72 94
56 86
116 137
176 188
179 193
5 40
32 143
51 156
109 134
95 199
7 86
67 137
89 155
171 194
42 80
5 161
13 22
32 35
104 140
123 153
35 40
62 143
81 156
34 81
53 94
72 107
56 99
116 150
14 102
74 153
27 41
13 143
32 156
51 169
30 46
16 148
134 140
20 38
39 51
4 30
23 43
83 94
69 159
60 110
146 150
13 35
25 89
44 102
145 154
164 167
16 40
2 105
62 156
81 169
34 94
20 159
37 99
138 151
27 54
118 172
16 161
90 110
29 100
48 113
20 51
92 156
111 169
25 102
30 180
145 167
2 118
15 57
87 162
64 178
97 126
17 103
50 51
8 54
99 172
140 173
11 59
57 175
115 116
1 14
73 119
6 129
18 183
133 170
105 108
110 186
22 73
108 113
94 178
66 116
85 129
24 119
84 170
170 173
15 70
1 135
106 188
45 178
77 130
163 170
182 183
80 135
121 173
52 73
38 175
79 176
98 189
115 129
101 194
18 196
133 183
193 197
45 70
91 186
3 73
75 178
94 191
186 194
24 132
10 197
189 199
68 138
128 189
21 63
3 194
89 197
42 122
61 135
162 187
79 189
63 181
51 90
54 132
40 197
155 184
7 20
26 33
12 135
72 149
158 189
75 191
0 17
46 133
68 151
21 76
40 89
81 90
26 154
58 143
70 197
61 148
102 149
0 138
74 87
19 151
13 77
104 195
16 82
35 95
21 197
155 197
7 33
72 162
69 93
14 157
5 108
46 146
132 149
151 162
49 151
7 154
26 167
102 162
14 49
41 152
32 103
120 152
6 50
129 157
113 149
132 162
11 101
30 114
48 168
4 98
23 111
64 112
124 163
143 176
44 170
85 171
118 119
2 173
117 160
15 112
139 178
6 63
18 117
78 168
110 120
8 109
94 112
27 122
30 127
71 165
131 179
84 104
29 168
48 181
166 173
4 111
45 112
124 176
3 115
36 63
22 128
127 181
25 170
38 109
43 187
59 168
36 184
3 7
75 112
33 115
131 192
10 131
84 117
115 184
1 82
54 174
87 122
58 64
149 182
168 195
80 82
107 185
126 198
24 187
98 136
63 115
82 128
101 141
161 192
54 66
100 182
119 195
17 184
58 185
72 83
75 125
135 139
33 128
52 141
93 142
46 67
65 80
109 123
26 88
12 190
191 192
89 144
130 182
149 195
42 69
61 82
47 147
107 198
0 72
5 150
46 188
79 136
49 193
82 141
21 131
12 82
72 96
58 198
56 88
135 152
176 190
179 195
5 42
49 85
21 23
7 88
67 139
20 27
70 144
111 145
23 32
28 147
88 198
129 199
0 85
41 86
32 37
123 155
21 144
62 145
81 158
53 96
37 88
97 102
14 104
27 43
32 158
118 161
71 86
35 163
134 142
153 155
39 53
92 145
111 158
23 45
83 96
69 161
41 99
104 155
145 156
16 42
2 107
15 46
39 174
18 51
4 153
78 102
23 166
138 153
157 166
118 174
30 61
57 164
29 102
4 45
50 161
110 175
25 104
11 169
38 43
103 172
122 185
1 124
87 164
18 64
78 115
64 180
55 131
99 174
52 62
38 164
15 180
18 185
45 59
31 124
64 72
3 62
22 75
94 180
66 118
126 132
167 170
38 56
43 134
84 172
87 177
128 178
59 115
45 180
64 193
3 183
61 124
140 188
33 62
38 177
112 126
82 183
15 193
115 131
54 121
18 198
155 173
174 186
193 199
31 137
158 178
91 188
88 119
33 183
107 132
0 6
126 145
167 183
24 134
65 135
109 178
128 191
40 78
86 194
12 16
58 132
42 124
0 127
33 75
19 140
32 79
63 183
54 134
155 186
12 137
72 151
70 78
89 91
116 194
9 68
33 196
74 197
5 97
63 75
68 153
109 191
150 192
7 143
81 92
141 143
42 137
102 151
0 140
51 105
104 197
16 84
35 97
136 149
7 35
53 151
139 154
72 164
9 81
69 95
46 148
90 154
2 41
81 105
4 87
23 100
102 164
143 165
41 154
13 92
136 162
29 36
34 151
97 170
50 95
69 108
55 173
25 38
30 116
71 154
2 54
43 55
84 93
103 106
6 173
4 100
23 113
105 152
124 165
36 52
55 65
96 103
44 172
85 173
117 162
29 49
78 170
97 183
50 108
36 173
55 186
8 111
94 114
11 116
71 167
131 181
43 68
29 170
103 119
73 176
6 186
124 178
3 117
127 183
85 186
126 187
38 111
24 176
10 12
82 117
15 127
142 168
161 181
100 171
119 184
12 58
31 71
3 9
94 127
10 133
12 179
45 127
3 130
77 79
130 171
149 184
42 58
61 71
66 186
65 190
98 138
82 130
119 197
12 71
58 187
75 127
116 128
33 130
74 131
5 31
46 69
65 82
109 125
95 190
7 77
12 192
89 146
130 184
61 84
47 149
88 187
0 74
46 190
16 18
21 133
40 146
34 72
125 190
176 192
14 93
74 144
7 90
26 103
20 29
39 42
37 198
171 198
0 87
44 93
123 157
62 147
81 160
34 85
53 98
37 90
97 104
14 106
118 163
30 50
76 166
92 147
111 160
23 47
83 98
69 163
27 166
44 106
30 171
145 158
62 160
59 91
4 155
8 45
118 176
11 50
57 166
1 5
6 120
110 177
3 51
25 106
145 171
38 45
15 61
45 169
64 182
36 120
140 177
33 51
15 182
54 110
18 187
174 175
108 117
8 179
107 121
52 185
24 123
10 188
84 174
189 190
128 180
40 67
100 118
45 182
119 131
64 195
61 126
140 190
19 129
52 77
10 80
82 185
73 136
114 137
155 175
31 139
75 182
28 70
88 121
33 185
107 134
52 198
19 21
46 124
170 190
63 64
49 129
109 180
21 67
40 80
67 183
100 131
58 134
3 198
61 139
162 191
14 27
0 129
74 78
19 142
79 193
35 86
95 137
72 153
70 80
56 145
14 148
0 21
46 137
132 140
151 153
68 155
150 194
62 81
81 94
141 145
42 139
0 142
41 143
13 81
32 94
16 86
35 99
95 150
136 151
7 37
139 156
56 158
97 159
50 84
69 97
27 100
113 140
132 153
151 166
30 105
7 158
134 199
23 102
83 153
143 167
36 41
41 156
127 159
25 148
57 100
76 113
29 38
48 51
6 54
92 94
78 159
69 110
55 175
8 100
25 40
84 95
48 172
1 60
106 113
4 102
64 116
17 41
143 180
108 159
66 162
99 110
38 100
57 113
2 177
98 114
29 51
161 170
18 121
78 172
91 111
55 188
75 103
8 113
94 116
173 180
52 119
112 170
131 183
64 129
105 167
108 172
149 173
168 186
79 114
98 127
43 191
10 14
82 119
101 132
1 194
59 172
100 173
119 186
31 73
58 176
3 11
75 116
94 129
52 132
68 76
12 181
86 130
80 86
88 176
19 76
79 127
24 191
21 122
54 70
141 187
12 73
72 87
116 130
61 194
135 143
176 181
19 197
93 146
198 199
65 84
51 149
137 189
49 76
54 191
70 135
47 151
0 76
46 192
16 20
53 87
39 152
125 192
37 79
14 95
0 197
74 146
13 136
30 39
35 154
34 195
111 149
9 138
83 87
28 151
69 152
60 103
5 167
13 28
25 82
104 146
16 33
34 87
39 165
78 93
97 106
138 144
55 109
160 162
27 47
99 152
118 165
11 39
30 52
16 154
71 90
92 149
23 49
50 152
8 155
27 168
25 95
11 160
44 108
164 173
2 111
103 163
15 50
18 55
23 170
138 157
55 122
118 178
11 52
52 53
71 103
1 7
73 112
45 50
50 165
91 166
3 53
66 109
30 186
1 128
59 106
4 170
22 187
52 66
38 168
101 187
1 20
12 115
45 63
31 128
91 179
33 174
66 122
52 187
107 123
186 187
24 125
65 126
189 192
40 69
100 120
86 185
89 190
163 176
121 179
79 182
63 174
82 187
95 126
40 190
12 128
75 184
116 185
135 198
28 72
47 85
19 23
46 126
65 139
63 66
68 144
128 195
169 196
7 134
81 83
125 126
70 190
42 128
61 141
162 193
74 80
19 144
13 70
32 83
35 88
95 139
114 152
34 129
53 142
70 82
56 147
9 72
28 85
129 137
0 23
132 142
90 145
150 196
7 147
141 147
9 193
83 142
0 144
117 140
34 142
53 155
180 196
37 147
138 199
69 99
55 164
27 102
113 142
30 107
90 158
2 45
29 148
62 96
4 91
83 155
124 156
143 169
127 161
25 150
44 163
2 166
117 153
136 166
29 40
15 105
120 158
139 171
18 110
97 174
50 99
91 100
110 113
113 155
30 120
71 158
43 59
6 177
64 118
22 121
127 174
168 175
25 163
66 164
85 177
57 115
98 116
43 180
101 121
1 183
142 159
161 172
59 161
31 62
17 164
75 105
94 118
154 169
52 121
10 124
43 72
1 75
87 115
73 180
105 169
3 121
22 134
149 175
66 177
24 180
43 193
101 134
54 59
100 175
31 75
75 118
61 183
5 22
128 129
114 194
12 183
89 137
42 62
61 75
88 178
107 191
0 65
46 181
79 129
65 194
49 186
68 199
21 124
100 188
12 75
53 76
56 81
102 197
176 183
14 84
33 134
74 135
19 199
46 73
32 138
35 143
95 194
7 81
26 94
12 196
42 75
88 191
129 192
46 194
132 197
49 199
62 138
39 154
125 194
14 97
159 192
51 164
16 143
35 156
34 197
23 38
9 140
69 154
30 162
145 149
20 154
23 159
138 146
96 149
160 164
8 36
27 49
30 54
71 92
57 157
48 108
69 167
27 170
66 98
145 162
164 175
43 114
84 152
20 167
59 95
4 159
96 162
15 173
1 9
64 65
3 55
22 68
11 175
85 124
84 165
106 183
59 108
100 109
45 173
64 186
17 111
58 112
3 176
22 189
61 117
80 130
52 68
38 170
79 171
98 184
10 71
174 179
91 181
94 186
135 187
88 112
33 176
52 189
170 181
128 184
21 58
77 138
42 117
61 130
47 195
80 143
0 120
79 184
98 197
21 179
7 15
72 144
158 184
177 197
70 71
116 187
74 190
107 138
19 25
46 128
65 141
21 71
62 72
7 136
26 149
67 187
125 128
42 130
102 144
14 31
60 147
146 187
63 189
51 98
104 190
16 77
35 90
7 28
72 157
9 74
28 87
148 152
46 141
16 198
49 146
62 85
7 149
48 150
134 190
23 93
102 157
143 158
14 44
41 147
13 85
16 90
35 103
136 155
34 144
37 149
78 150
50 88
69 101
14 165
55 166
8 91
27 104
71 147
29 150
48 163
20 101
6 166
23 106
64 107
55 58
44 165
38 91
15 107
18 112
59 150
50 101
91 102
94 107
27 117
24 48
29 163
115 166
4 106
36 58
66 166
126 180
38 104
24 169
57 117
43 182
98 118
18 125
59 163
100 164
91 115
75 107
94 120
33 110
52 123
24 61
156 180
1 77
86 121
31 185
58 59
3 123
149 177
61 64
126 193
24 182
101 136
1 198
142 174
54 61
119 190
58 180
77 193
61 185
33 123
51 140
137 180
49 67
68 80
54 182
114 196
86 134
72 199
89 139
130 177
42 64
28 129
88 180
107 193
0 67
19 80
5 145
151 199
123 137
21 126
40 139
72 91
144 196
37 70
56 83
102 199
135 147
176 185
14 86
179 190
5 37
46 75
51 153
35 145
7 83
67 134
70 139
171 191
23 27
28 142
47 155
0 80
60 94
13 19
44 86
104 137
16 24
21 139
62 140
53 91
56 96
9 21
74 150
8 25
27 38
13 140
32 153
71 81
35 158
134 137
34 199
92 140
111 153
4 27
9 142
69 156
27 159
44 99
85 100
62 153
103 154
15 41
20 156
39 169
18 46
4 148
59 84
78 97
97 110
36 100
27 51
99 156
118 169
76 172
48 110
92 153
152 167
50 156
69 169
110 170
66 100
103 167
87 159
59 97
4 161
45 162
17 100
99 169
52 57
98 173
101 178
54 103
73 116
18 180
133 167
22 70
66 113
126 127
24 116
84 167
87 172
45 175
17 113
58 114
61 119
80 132
140 183
33 57
98 186
174 181
158 173
75 175
94 188
88 114
52 191
0 1
93 192
126 140
167 178
46 117
65 130
10 194
68 135
109 173
40 73
100 124
86 189
58 127
89 194
102 133
47 197
121 183
162 184
14 20
165 189
32 74
51 87
123 192
53 133
56 138
116 189
47 89
88 127
74 192
150 187
81 87
26 151
153 192
42 132
102 146
0 135
146 189
32 87
104 192
16 79
62 195
136 144
139 149
180 187
56 151
28 89
148 154
113 133
90 149
2 36
62 87
20 90
4 82
23 95
41 149
127 152
60 162
13 87
25 141
44 154
57 93
2 157
76 106
34 146
120 149
139 162
37 151
78 152
27 106
25 33
90 162
2 49
29 152
87 93
64 109
124 160
17 34
108 152
127 165
85 168
57 106
2 170
76 119
29 44
15 109
120 162
18 114
78 165
31 53
154 160
52 112
131 176
43 63
29 165
84 101
87 106
6 181
45 109
105 160
17 47
85 181
126 182
43 184
82 112
142 163
18 127
59 165
12 53
3 4
75 109
80 187
24 63
156 182
54 171
73 184
26 72
45 122
58 61
3 125
89 128
0 56
126 195
65 185
63 112
142 176
54 63
141 180
77 195
61 187
135 136
33 125
65 77
51 142
137 182
49 69
68 82
67 123
190 193
42 66
60 83
5 147
46 185
123 139
81 142
34 67
53 80
42 187
116 136
93 152
32 142
178 196
16 134
95 198
7 85
48 86
34 188
20 24
23 29
9 131
28 144
113 188
5 160
104 139
16 26
39 158
37 85
27 40
13 142
35 160
76 161
134 139
20 37
92 142
111 155
152 156
196 199
8 148
41 96
25 88
11 153
44 101
164 166
43 105
122 169
20 158
59 86
55 115
118 171
11 45
38 148
57 161
15 164
6 115
18 169
152 169
3 46
22 59
94 164
66 102
145 166
43 118
103 169
15 56
18 61
45 164
64 177
80 121
33 46
52 59
57 174
98 175
10 62
133 169
45 56
31 121
110 185
22 72
94 177
66 115
107 116
10 183
84 169
87 174
147 188
40 62
163 169
33 59
51 76
101 193
54 118
155 170
31 134
72 135
177 188
116 178
88 116
107 129
52 193
0 3
167 180
5 81
49 124
128 188
40 75
26 140
70 183
42 121
181 199
19 137
79 188
165 191
51 89
123 194
95 132
7 19
72 148
37 127
70 75
129 130
132 135
49 137
109 188
62 76
144 145
23 84
9 186
143 149
14 35
0 137
146 191
13 76
32 89
16 81
76 95
34 135
120 138
53 148
139 151
97 154
69 92
14 156
192 199
30 100
2 38
62 89
134 194
39 105
23 97
9 199
124 149
13 89
57 95
2 159
76 108
117 146
29 33
120 151
6 49
50 92
8 95
25 35
30 113
24 39
1 55
106 108
45 98
108 154
38 95
57 108
2 172
43 173
98 109
142 152
18 116
59 154
119 168
55 183
11 113
52 114
43 65
87 108
73 173
31 176
17 49
22 127
108 167
168 181
79 109
24 173
98 122
101 127
161 178
100 168
119 181
17 170
58 171
91 119
75 111
5 15
137 171
156 184
68 71
54 173
73 186
12 176
86 125
31 189
58 63
130 168
47 133
65 187
68 192
26 195
100 181
141 182
53 69
58 184
42 176
74 128
179 181
5 28
51 144
49 71
109 122
26 87
56 195
89 143
171 182
190 195
42 68
148 198
0 71
41 72
60 85
46 187
44 77
123 141
183 192
81 144
125 187
37 74
42 189
116 138
9 12
14 90
13 131
118 147
159 185
16 136
35 149
20 26
4 18
23 31
28 146
41 85
27 150
60 98
113 190
25 77
30 155
62 144
81 157
122 158
20 147
4 139
96 142
25 198
71 85
16 149
90 98
76 163
48 101
111 157
50 147
110 161
8 150
25 90
11 155
85 104
30 168
145 155
164 168
2 106
15 45
87 150
4 152
23 165
22 169
140 161
29 101
73 107
91 161
3 48
11 168
15 58
106 176
147 177
17 104
61 110
121 161
52 61
98 177
82 169
15 179
18 184
133 171
12 110
45 58
31 123
94 179
88 105
107 118
126 131
65 121
10 185
128 177
40 64
45 179
86 180
58 118
163 171
42 110
47 188
181 188
33 61
19 126
101 195
40 185
155 172
7 8
158 177
116 180
135 193
28 67
0 5
10 198
51 199
68 139
109 177
86 193
70 185
28 188
14 24
60 140
146 180
165 193
51 91
123 196
95 134
155 185
7 21
158 190
37 129
70 77
56 142
28 80
14 145
160 199
113 124
5 96
13 186
46 134
16 191
20 81
125 134
70 198
111 199
23 86
83 137
102 150
60 153
44 145
104 196
35 96
76 97
117 135
6 38
37 142
129 145
113 137
13 199
11 89
71 140
90 153
6 159
92 199
64 100
85 159
38 84
2 161
76 110
117 148
29 35
18 105
78 156
97 169
50 94
36 159
27 110
11 102
71 153
84 92
29 156
87 97
106 110
45 100
22 116
168 170
85 172
43 175
15 113
142 154
161 167
18 118
119 170
31 57
77 173
110 121
75 100
94 113
80 178
33 103
115 172
1 70
54 162
31 178
22 129
66 172
126 186
79 111
98 124
101 129
100 170
119 183
75 113
33 116
19 181
65 68
156 186
68 73
7 63
26 76
12 178
67 114
31 191
72 192
70 119
130 170
149 183
47 135
88 173
5 138
46 176
65 189
79 124
63 116
82 129
40 132
141 184
53 71
72 84
0 181
93 143
5 30
49 73
35 138
95 189
7 76
67 127
12 191
56 197
171 184
190 197
9 122
28 135
44 79
49 194
7 197
83 192
14 92
74 143
27 31
159 187
71 74
16 138
35 151
34 192
20 28
6 93
23 33
9 135
83 84
69 149
44 92
2 95
103 147
39 162
23 154
36 93
8 31
118 162
71 87
57 152
29 90
18 160
50 149
25 92
66 93
43 109
122 173
15 47
4 154
22 171
96 157
99 162
140 163
11 49
57 165
98 166
15 168
54 96
73 109
133 160
152 173
91 163
3 50
22 63
8 165
75 155
1 125
40 53
100 104
45 168
64 181
77 120
61 112
140 176
33 50
52 63
79 166
82 171
73 122
12 112
31 125
158 166
94 181
33 171
126 133
68 128
109 166
128 179
40 66
58 120
89 187
47 190
80 138
121 176
162 177
181 190
19 128
79 179
32 67
123 185
7 10
177 192
33 184
93 198
32 188
65 136
49 128
109 179
150 180
21 66
26 144
67 182
153 185
9 177
74 77
60 142
165 195
62 188
95 136
136 137
34 126
53 139
72 152
6 27
37 131
9 69
28 82
14 147
129 134
74 198
151 152
150 193
7 144
81 93
134 185
153 198
4 75
23 88
83 139
143 153
146 195
187 196
13 80
25 134
44 147
104 198
57 86
34 139
139 155
6 40
50 83
69 96
8 86
71 142
90 155
131 156
2 42
29 145
48 158
134 198
6 161
4 88
124 153
143 166
22 105
127 158
44 160
85 161
38 86
2 163
76 112
29 37
17 148
91 97
8 99
112 156
103 107
115 161
1 59
73 164
6 174
105 153
17 40
3 105
108 158
66 161
98 113
43 177
15 115
142 156
59 158
100 159
119 172
12 46
36 174
77 175
75 102
80 180
115 174
156 175
12 167
45 115
86 116
130 159
66 174
107 175
0 49
79 113
65 178
98 126
10 13
63 105
68 183
61 180
80 193
5 19
68 75
54 177
109 113
114 191
7 65
26 78
86 129
31 193
72 194
130 172
42 59
28 124
107 188
148 189
5 140
46 178
151 194
68 196
21 121
40 134
81 135
34 60
39 138
56 78
102 194
14 81
5 32
13 122
51 148
49 75
26 91
53 194
37 186
111 135
171 186
9 124
28 137
88 188
41 76
46 191
132 194
25 68
44 81
62 135
7 199
81 148
20 138
39 151
125 191
37 78
23 143
0 196
96 133
8 20
13 135
99 138
11 25
71 76
34 194
20 30
6 95
111 148
4 22
50 138
69 151
113 194
30 159
71 197
62 148
18 41
59 79
18 162
50 151
110 165
3 39
94 157
85 108
30 172
145 159
43 111
103 162
147 168
3 160
36 108
15 170
54 98
18 175
45 49
31 114
91 165
110 178
75 157
94 170
66 108
107 109
24 111
84 162
40 55
100 106
22 186
121 165
140 178
19 117
52 65
79 168
98 181
10 68
63 160
101 186
40 176
155 163
28 58
167 173
5 74
65 125
170 178
49 117
68 130
109 168
169 182
26 133
67 171
58 122
70 176
89 189
61 127
32 69
51 82
82 186
123 187
95 125
40 189
9 58
47 84
74 187
0 9
5 87
46 125
65 138
68 143
109 181
150 182
7 133
20 72
39 85
111 190
9 179
41 131
60 144
165 197
13 69
104 187
16 74
62 190
136 139
53 141
139 144
180 182
37 133
9 71
50 72
14 149
129 136
27 88
16 195
150 195
7 146
48 147
134 187
6 150
92 190
50 193
83 141
124 142
143 155
41 144
127 147
57 88
2 152
15 91
120 144
37 146
97 160
50 85
8 88
113 141
25 28
71 144
43 45
29 147
64 104
105 142
124 155
85 163
38 88
2 165
15 104
18 109
119 161
110 112
55 176
94 104
154 155
11 106
52 107
131 171
43 58
29 160
1 61
87 101
64 117
3 107
22 120
108 160
168 174
126 177
38 101
101 120
142 158
59 160
100 161
12 48
31 61
17 163
91 112
94 117
80 182
93 121
112 171
10 123
26 67
12 169
31 182
89 123
42 48
47 126
107 177
0 51
126 190
82 120
26 188
72 75
58 177
144 180
116 118
80 195
33 120
93 134
5 21
156 190
68 77
54 179
95 180
7 67
67 118
53 183
56 188
9 113
28 126
60 78
5 142
46 180
65 193
68 198
53 75
42 182
83 183
102 196
0 185
74 134
19 198
60 199
32 137
51 150
137 190
178 191
16 129
136 194
48 81
139 199
37 188
4 11
171 188
9 126
44 83
49 198
90 199
62 137
34 75
39 153
4 132
55 97
41 199
96 135
8 22
27 35
13 137
99 140
118 153
159 191
71 78
57 143
90 91
117 194
34 196
120 199
6 97
23 37
50 140
22 41
8 143
27 156
25 83
11 148
30 161
2 99
43 100
84 138
15 38
59 81
4 145
78 94
23 158
55 110
8 35
140 154
11 40
57 156
29 94
6 110
50 153
110 167
8 156
11 161
43 113
84 151
103 164
15 51
87 156
45 159
17 97
22 175
98 170
10 57
15 172
18 177
31 116
3 54
94 172
135 173
47 60
33 162
52 175
10 178
1 129
128 170
21 44
147 183
45 172
89 178
61 116
80 129
33 54
101 188
21 165
54 113
114 127
155 165
174 178
158 170
177 183
28 60
74 176
93 189
51 192
68 132
40 70
67 173
172 189
39 74
58 124
70 178
28 181
102 130
47 194
181 194
0 119
19 132
146 173
165 186
32 71
51 84
123 189
16 63
35 76
81 192
37 122
157 187
28 73
32 192
90 133
35 197
150 184
2 20
169 197
62 71
153 189
70 191
14 30
60 146
35 89
117 128
20 195
139 146
180 184
6 31
37 135
9 73
96 190
8 77
27 90
113 130
11 82
29 136
48 149
92 192
4 79
64 93
124 144
41 146
25 138
38 77
57 90
117 141
136 154
15 93
120 146
78 149
36 152
8 90
27 103
30 108
71 146
131 160
24 34
84 85
1 50
6 165
45 93
17 31
36 44
108 149
127 162
66 152
59 149
119 163
17 152
36 165
110 114
75 93
94 106
33 96
52 109
112 160
115 165
1 63
54 155
86 107
66 165
107 166
19 53
79 104
24 168
82 109
1 184
12 50
31 63
58 166
77 179
19 174
46 48
54 168
73 181
70 112
149 176
42 50
28 115
107 179
5 131
46 169
68 187
40 125
100 176
72 77
58 179
144 182
56 69
0 174
74 123
5 23
51 139
137 179
49 66
109 117
114 195
26 82
12 184
53 185
72 198
56 190
171 177
9 115
14 193
47 141
88 179
0 66
60 80
65 195
151 198
49 187
62 126
141 190
144 195
185 196
37 69
83 185
102 198
14 85
32 139
178 193
35 144
95 195
34 185
92 126
37 190
111 139
4 13
23 26
9 128
50 129
25 72
16 23
2 88
62 139
106 145
166 196
18 32
4 134
78 83
23 147
83 198
36 86
13 139
25 193
11 29
16 144
57 145
48 96
152 153
4 26
50 142
22 43
8 145
27 158
66 86
145 150
43 102
84 140
103 153
1 105
87 145
59 83
17 86
96 150
99 155
57 158
18 166
152 166
8 158
94 161
52 164
85 112
24 102
43 115
84 153
1 118
128 159
40 46
17 99
58 100
22 177
121 156
33 43
52 56
38 158
79 159
98 172
101 177
18 179
114 116
31 118
3 56
33 164
107 113
52 177
5 65
109 159
147 185
40 59
26 124
100 110
86 175
3 177
89 180
47 183
80 131
162 170
51 73
82 177
95 116
12 118
53 119
177 185
56 124
135 188
28 62
47 75
88 113
93 191
5 78
65 129
51 194
109 172
150 173
169 186
21 59
67 175
153 178
172 191
39 76
83 119
102 132
47 196
14 19
0 121
19 134
60 135
165 188
123 191
21 180
81 194
53 132
56 137
116 188
69 76
74 191
27 79
46 129
35 199
150 186
48 138
134 178
39 89
92 181
111 194
28 196
69 197
14 32
146 188
44 140
2 143
136 143
180 186
97 151
138 189
50 76
8 79
27 92
13 194
99 197
16 199
29 138
20 89
6 154
4 81
105 133
17 20
41 148
44 153
38 79
57 92
15 95
6 46
55 167
94 95
84 87
1 52
6 167
105 146
124 159
22 111
127 164
66 154
85 167
126 168
38 92
24 157
15 108
142 149
161 162
18 113
100 152
17 154
91 103
36 167
94 108
154 159
33 98
52 111
24 49
10 114
115 167
1 65
54 157
12 160
31 173
130 152
168 178
66 167
19 55
63 98
68 176
101 124
142 162
21 101
40 114
100 165
31 65
77 181
42 160
33 111
46 50
10 127
137 168
54 170
26 71
12 173
72 187
70 114
47 130
107 181
148 182
19 68
5 133
104 112
123 125
68 189
7 179
40 127
34 53
53 66
144 184
37 58
42 173
14 74
0 176
19 189
60 190
137 181
178 182
7 71
26 84
34 174
53 187
111 128
14 195
88 181
129 182
60 82
5 146
132 187
104 125
49 189
90 190
123 138
2 77
53 79
185 198
23 136
56 84
41 190
178 195
30 31
16 133
2 198
35 146
76 147
136 198
120 190
20 23
6 88
111 141
9 130
69 144
129 195
41 82
27 147
29 193
62 141
106 147
59 72
4 136
96 139
8 26
25 195
159 195
38 134
76 160
18 155
4 28
50 144
91 145
110 158
3 32
8 147
11 152
145 152
24 91
43 104
106 160
4 149
45 150
64 163
121 145
57 160
101 166
110 171
3 45
22 58
66 101
52 166
24 104
43 117
1 120
147 174
17 101
58 102
80 120
121 158
33 45
79 161
98 174
10 61
82 166
40 169
73 117
114 118
31 120
158 161
116 164
28 51
88 102
33 166
52 179
93 180
126 128
5 67
170 171
68 123
109 161
128 174
40 61
70 169
42 107
61 120
181 185
19 123
146 164
79 174
165 177
51 75
35 67
21 169
95 118
114 131
155 169
53 121
116 177
9 51
14 129
74 180
93 193
46 118
32 183
51 196
150 175
20 65
39 78
70 182
89 195
9 172
28 185
41 124
32 75
123 193
16 67
21 182
76 81
6 22
37 126
157 191
9 64
50 65
74 193
27 81
13 183
132 134
16 188
2 24
62 75
39 91
111 196
23 83
83 134
60 150
187 191
13 75
44 142
104 193
2 145
117 132
62 196
34 134
6 35
4 191
78 140
97 153
138 191
50 78
69 91
8 81
27 94
13 196
71 137
90 150
29 140
48 153
64 97
143 161
22 100
66 143
1 162
59 140
31 41
91 92
163 197
131 164
29 153
115 156
45 97
3 100
22 113
108 153
66 156
85 169
126 170
38 94
24 159
101 113
161 164
59 153
100 154
31 54
94 110
112 164
115 169
156 170
54 159
73 172
114 173
67 98
3 113
130 154
47 119
80 188
0 165
19 178
51 130
137 170
95 173
114 186
26 73
12 175
53 176
86 124
130 167
9 106
28 119
19 70
49 178
68 191
21 116
7 181
81 130
26 194
53 68
125 173
56 73
42 175
83 176
0 178
74 127
19 191
60 192
51 143
35 135
136 187
7 73
48 74
139 192
28 132
69 133
129 184
148 197
5 148
132 189
104 127
90 192
7 194
122 144
34 68
39 146
125 186
37 73
23 138
41 192
25 184
44 197
118 146
11 20
16 135
35 148
117 187
50 133
69 146
8 136
85 90
43 93
20 146
78 87
97 100
55 103
159 197
71 84
15 152
73 93
59 195
133 144
152 157
17 198
3 34
66 90
85 103
30 167
84 144
1 109
59 87
17 90
3 155
80 109
121 147
140 160
33 34
54 93
73 106
18 170
12 96
31 109
47 53
52 168
68 112
1 122
21 37
45 165
86 166
3 168
22 181
42 96
61 109
121 160
33 47
79 163
63 155
51 64
82 168
95 107
40 171
114 120
155 158
31 122
72 123
75 165
116 166
28 53
47 66
33 168
107 117
52 181
5 69
49 112
68 125
109 163
128 176
172 182
28 174
61 122
102 123
19 125
60 126
16 56
35 69
21 171
40 184
81 185
114 133
155 171
34 110
53 123
56 128
135 192
14 131
93 195
5 82
46 120
49 125
90 126
62 64
134 169
67 179
153 182
172 195
39 80
70 184
111 185
28 187
41 126
13 64
32 77
44 131
104 182
164 196
35 82
117 121
62 185
81 198
34 123
20 188
6 24
23 193
56 141
157 193
50 67
14 144
55 145
74 195
129 131
27 83
132 136
32 198
30 88
90 139
150 190
62 77
153 195
20 80
6 145
92 185
111 198
9 187
127 142
187 193
85 145
62 198
136 147
120 139
180 190
18 91
96 196
27 96
113 136
30 101
131 153
29 142
133 199
4 85
45 86
124 150
17 24
36 37
22 102
108 142
127 155
57 96
84 199
1 164
18 104
31 43
17 145
36 158
52 102
112 153
131 166
43 53
84 91
54 148
87 96
73 161
86 100
108 155
66 158
79 97
43 174
63 89
82 102
142 153
31 56
75 99
52 115
137 159
156 172
114 175
86 113
89 118
130 156
42 43
107 172
0 46
5 124
82 115
68 180
21 105
58 172
14 65
0 167
74 116
65 67
51 132
49 59
35 124
68 72
95 175
109 110
114 188
67 113
70 118
56 183
42 56
28 121
88 172
148 186
60 73
46 175
132 178
44 65
104 116
123 129
81 132
26 196
34 57
125 175
144 188
42 177
14 78
0 180
41 181
74 129
159 173
51 145
139 194
6 79
9 121
69 135
148 199
113 178
25 65
44 78
71 181
90 194
2 81
62 132
7 196
122 146
15 20
34 70
20 135
18 25
23 140
124 192
96 130
27 30
25 186
99 135
178 199
30 35
29 76
34 191
120 194
92 132
50 135
69 148
113 191
85 92
2 94
43 95
103 146
1 98
59 76
4 140
23 153
64 154
105 192
17 79
55 105
108 197
11 35
15 154
73 95
152 159
31 98
8 151
66 92
11 156
43 108
84 146
147 165
45 154
61 98
80 111
121 149
33 36
38 151
15 167
101 170
3 49
75 154
94 167
88 93
33 157
52 170
65 109
68 114
128 165
40 52
100 103
3 170
79 165
82 170
21 160
54 108
155 160
72 125
177 178
75 167
116 168
33 170
74 171
107 119
93 184
51 187
169 179
172 184
39 69
70 173
89 186
83 112
102 125
47 189
60 128
146 168
104 171
95 122
7 9
34 112
53 125
39 190
72 138
116 181
157 182
9 55
5 84
32 187
35 192
2 15
169 192
62 66
48 131
134 171
153 184
20 69
39 82
69 190
102 138
41 128
60 141
146 181
123 197
2 136
117 123
139 141
23 195
97 144
69 82
55 147
96 185
129 133
8 72
13 187
11 77
30 90
20 82
6 147
4 74
23 87
9 189
50 190
64 88
124 139
11 198
57 85
2 149
117 136
120 141
6 39
4 195
78 144
138 195
36 147
55 160
112 142
29 144
1 45
73 150
6 160
17 26
36 39
85 160
126 161
43 163
15 101
1 166
18 106
59 144
100 145
119 158
36 160
80 166
24 42
10 107
1 58
12 153
86 102
3 104
107 161
19 48
79 99
24 163
65 164
1 179
119 171
12 45
31 58
58 161
75 101
10 120
137 161
156 174
7 51
26 64
67 102
149 171
88 161
107 174
0 48
19 61
60 62
5 126
49 169
68 182
26 185
34 46
53 59
125 164
58 174
61 179
19 182
137 174
49 61
114 190
26 77
34 167
67 115
111 121
56 185
171 172
9 110
47 136
148 188
0 61
60 75
5 139
104 118
2 70
62 121
7 185
81 134
141 185
34 59
20 124
144 190
185 191
56 77
60 196
13 121
32 134
159 175
53 193
139 196
92 121
97 199
9 123
41 75
173 194
44 80
30 145
122 148
39 150
96 132
41 196
127 199
8 19
27 32
30 37
71 75
29 78
15 143
120 196
6 94
18 148
92 134
133 135
110 151
22 38
8 140
66 81
11 145
85 94
24 84
43 97
29 199
15 35
59 78
78 91
17 81
108 199
140 151
98 154
10 41
73 97
3 38
22 51
94 156
11 158
24 97
10 162
1 113
87 153
128 154
64 169
58 95
77 108
22 172
80 113
19 103
38 153
79 154
98 167
101 172
12 100
31 113
72 114
75 156
94 169
47 57
33 159
93 173
5 60
26 119
100 105
86 170
3 172
89 175
42 100
61 113
47 178
162 165
35 60
95 111
155 162
53 114
72 127
9 44
14 122
88 108
74 173
5 73
46 111
109 167
169 181
26 132
153 173
9 165
102 127
47 191
5 194
13 55
63 172
51 81
104 173
16 60
35 73
95 124
81 189
53 127
37 119
56 132
97 133
157 184
69 71
74 186
113 114
13 176
90 130
134 173
172 199
20 71
39 84
111 189
4 63
83 127
124 128
127 133
27 195
60 143
13 68
25 122
76 87
62 189
20 192
139 143
6 28
37 132
157 197
50 71
36 136
69 84
11 79
30 92
71 130
90 143
29 133
6 149
92 189
23 89
64 90
50 192
124 141
22 93
8 195
108 133
25 135
66 136
85 149
117 138
15 90
120 143
18 95
31 34
17 136
55 162
8 87
11 92
38 195
112 144
24 31
29 146
115 149
105 141
3 93
22 106
85 162
126 163
24 152
100 147
17 149
91 98
75 90
61 155
80 168
33 93
52 106
112 157
156 163
54 152
114 166
89 109
130 147
149 160
0 37
82 106
142 157
1 181
21 96
100 160
61 168
93 120
137 163
156 176
49 50
54 165
114 179
26 66
12 168
72 182
89 122
28 112
88 163
107 176
19 63
60 64
65 179
63 106
49 171
7 174
141 174
53 61
39 126
72 74
125 166
144 179
56 66
116 117
14 69
60 185
93 133
13 110
32 123
51 136
16 115
49 63
70 122
56 187
171 174
9 112
28 125
14 190
129 177
148 190
41 64
60 77
46 179
151 195
49 184
62 123
7 187
83 182
143 196
14 82
96 121
99 126
32 136
44 190
178 190
117 180
136 193
139 198
6 83
50 126
69 139
8 129
27 142
25 69
44 82
30 147
71 185
90 198
43 86
29 188
62 136
20 139
106 142
18 29
78 80
64 145
124 196
17 70
36 83
159 190
76 155
15 145
73 86
6 96
59 188
50 139
110 153
154 196
66 83
43 99
84 137
103 150
147 156
18 42
59 80
105 196
191 199
17 83
3 148
77 97
80 102
121 140
184 196
15 158
18 163
31 102
3 40
33 148
52 161
24 99
65 100
10 164
84 150
68 105
1 115
128 156
40 43
3 161
77 110
22 174
89 164
42 89
19 105
10 56
82 161
101 174
95 100
40 164
12 102
72 116
135 172
93 175
10 177
51 178
7 108
40 56
67 159
172 175
58 110
70 164
61 115
102 116
47 180
162 167
19 118
82 174
21 164
40 177
81 178
53 116
72 129
158 169
37 108
9 46
28 59
88 110
74 175
93 188
5 75
46 113
51 191
49 118
169 183
26 134
153 175
111 178
47 193
32 70
44 124
104 175
35 75
53 129
6 17
37 121
23 186
97 135
138 173
14 137
113 116
118 194
71 119
90 132
76 197
150 183
29 122
20 73
6 138
39 86
9 180
50 181
124 130
41 132
27 197
25 124
145 189
57 76
76 89
117 127
136 140
15 79
139 145
6 30
4 186
23 199
50 73
96 189
8 76
27 89
13 191
99 194
113 129
11 81
16 196
57 197
29 135
115 138
175 189
6 151
4 78
45 79
50 194
8 197
187 199
25 137
66 138
85 151
57 89
87 197
18 97
4 199
59 135
31 36
17 138
36 151
11 94
38 197
112 146
24 33
10 98
115 151
87 89
31 157
105 143
108 148
66 151
19 39
98 103
43 167
101 108
142 146
40 98
12 36
58 152
80 170
33 95
10 111
137 152
73 167
114 168
86 106
3 108
149 162
47 114
82 108
21 98
144 168
74 109
93 122
46 47
49 52
95 168
26 68
12 170
67 106
72 184
42 49
88 165
41 53
151 184
63 108
62 112
81 125
141 176
34 50
39 128
144 181
37 55
56 68
83 171
14 71
0 173
74 122
51 138
178 179
35 130
48 69
139 187
92 112
37 176
111 125
56 189
9 114
69 128
129 179
41 66
113 171
132 184
25 58
30 136
62 125
48 190
81 138
122 139
34 63
23 133
143 198
96 123
41 187
44 192
118 141
159 179
16 130
57 131
2 195
76 144
92 125
37 189
78 190
111 138
50 128
69 141
8 131
27 144
154 185
66 72
2 87
84 126
103 139
122 152
59 69
4 133
78 82
64 147
124 198
36 85
8 23
25 192
11 28
29 82
15 147
133 139
31 91
17 193
91 142
94 147
85 98
87 144
106 157
147 158
18 44
59 82
64 160
105 198
3 150
80 104
79 145
10 45
82 150
54 88
73 101
18 165
133 152
12 91
91 155
3 42
75 147
94 160
176 199
24 101
65 102
10 166
109 145
147 171
40 45
86 161
77 112
61 104
47 169
0 94
98 171
114 115
53 105
88 99
33 163
74 164
107 112
65 115
10 179
68 120
128 171
169 172
21 45
40 58
26 123
172 177
39 62
83 105
28 169
47 182
162 169
165 174
32 59
51 72
16 51
35 64
21 166
81 180
34 105
158 171
157 175
14 126
5 77
46 115
32 180
51 193
49 120
90 121
2 8
67 174
20 62
83 118
102 131
14 18
5 198
104 177
123 190
164 191
81 193
122 194
6 19
37 123
78 124
23 188
138 175
157 188
9 61
55 140
96 178
160 193
8 65
27 78
13 180
99 183
35 198
76 199
150 185
6 140
92 180
4 67
23 80
124 132
69 196
143 145
8 186
127 137
27 199
187 188
11 191
44 139
57 78
2 142
76 91
103 194
120 134
106 199
180 185
18 86
59 124
78 137
55 153
182 194
8 78
27 91
99 196
11 83
71 134
112 135
57 199
131 148
115 140
175 191
92 193
105 132
50 196
3 84
22 97
66 140
87 199
59 137
12 25
36 153
77 154
163 194
75 81
38 199
24 35
1 51
87 91
45 94
86 95
31 159
66 153
98 105
63 84
82 97
40 100
100 151
119 164
31 51
77 167
93 111
10 113
51 114
54 156
67 95
12 159
86 108
149 164
28 103
88 154
19 54
79 105
21 100
125 157
144 170
42 159
74 111
19 175
93 124
32 114
51 127
35 119
7 57
67 108
72 186
70 113
9 103
28 116
88 167
60 68
46 170
132 173
151 186
123 124
68 188
2 63
7 178
125 170
37 57
55 74
41 176
74 124
32 127
44 181
76 133
29 58
92 114
171 178
9 116
41 68
44 73
30 138
90 189
48 192
106 133
18 20
55 87
41 189
8 12
13 127
25 181
44 194
99 130
159 181
16 132
57 133
2 197
136 197
48 84
6 87
18 141
78 192
92 127
4 14
50 130
69 143
22 31
8 133
27 146
113 186
11 138
85 87
71 189
24 77
84 128
103 141
122 154
1 93
45 136
78 84
96 138
11 30
38 133
98 147
184 187
10 34
15 149
101 152
54 77
73 90
18 154
59 192
133 141
91 144
196 197
75 136
8 146
52 152
43 103
87 146
147 160
188 198
58 88
3 152
22 165
140 157
38 146
54 90
40 155
12 93
31 106
91 157
3 44
33 152
52 165
65 104
109 147
128 160
40 47
26 112
58 101
3 165
61 106
102 107
79 160
123 166
35 53
53 107
72 120
158 160
56 112
116 163
9 37
88 101
32 169
65 117
51 182
49 109
150 161
169 174
86 176
172 179
39 64
28 171
102 120
162 171
60 123
5 187
146 163
32 61
104 166
16 53
62 169
81 182
14 128
74 179
27 67
13 169
32 182
51 195
35 187
134 166
20 64
39 77
9 171
83 120
60 136
146 176
44 128
104 179
16 66
76 80
62 182
122 196
120 123
6 21
4 177
97 139
138 177
157 190
69 77
14 141
13 182
118 198
11 72
30 85
71 123
131 137
48 139
134 179
175 180
20 77
92 182
111 195
152 196
4 69
124 134
69 198
110 199
22 86
108 126
127 139
25 128
11 193
44 141
145 193
57 80
76 93
103 196
15 83
87 188
20 198
120 136
59 126
138 190
50 77
8 80
99 198
11 85
175 193
73 145
6 155
50 198
91 199
17 21
3 86
66 142
85 155
126 156
167 194
79 81
24 145
84 196
1 161
18 101
100 140
36 155
77 156
75 83
80 161
33 86
112 150
10 102
54 145
3 99
47 105
126 169
19 43
79 94
98 107
101 112
141 154
12 40
75 96
19 164
137 156
54 158
95 159
31 174
0 43
19 56
63 99
7 167
40 115
34 41
53 54
125 159
56 59
42 161
102 175
0 164
74 113
46 51
32 116
137 169
35 121
7 59
34 162
72 188
70 115
111 116
28 118
69 119
129 170
60 70
46 172
44 62
7 180
26 193
122 130
34 54
125 172
185 186
83 175
55 76
99 119
118 132
159 170
16 121
2 186
35 134
117 173
34 175
56 193
97 194
50 119
14 196
55 197
129 183
30 140
103 130
122 143
15 17
20 132
6 197
59 60
4 124
185 199
17 63
36 76
55 89
96 127
127 194
8 14
99 132
44 196
159 183
11 19
30 32
2 199
15 138
120 191
73 79
78 194
4 16
36 197
3 20
22 33
66 76
11 140
85 89
30 153
24 79
84 130
103 143
15 30
87 135
59 73
4 137
64 151
17 76
36 89
77 90
22 154
121 133
38 135
10 36
142 192
54 79
73 92
18 156
91 146
75 138
94 151
52 154
24 92
1 108
128 149
45 151
77 103
89 157
61 95
80 108
140 159
79 149
98 162
28 39
93 168
46 93
10 170
109 149
128 162
21 36
58 103
89 170
28 160
47 173
19 111
146 152
5 176
32 50
51 63
82 167
40 170
114 119
155 157
56 114
9 39
135 178
28 52
14 117
47 65
32 171
49 111
169 176
172 181
39 66
70 170
23 58
83 109
102 122
162 173
16 55
21 170
20 174
37 114
97 128
157 179
160 184
32 184
118 187
30 74
16 176
90 125
35 189
48 128
134 168
111 184
83 122
69 187
127 128
13 63
25 117
44 130
104 181
145 182
164 195
16 68
76 82
62 184
103 185
117 120
122 198
120 125
20 187
78 128
138 179
50 66
36 131
96 182
8 69
27 82
99 187
11 74
30 87
131 139
134 181
92 184
4 71
64 85
50 187
105 123
108 128
187 192
25 130
85 144
38 69
57 82
43 147
103 198
15 85
1 150
59 128
17 131
96 195
182 198
8 82
38 190
24 26
115 144
105 136
75 193
66 144
167 196
38 82
43 160
84 198
40 91
119 155
31 42
91 93
77 158
61 150
94 98
80 163
93 102
54 147
12 150
86 99
3 101
88 145
19 45
79 96
63 88
82 101
141 156
12 42
58 158
144 161
42 150
61 163
0 153
74 102
137 158
26 61
12 163
53 164
67 99
72 177
130 155
88 158
5 123
65 174
63 101
68 179
21 104
81 118
26 182
141 169
53 56
39 121
144 174
37 48
56 61
42 163
102 177
14 64
60 180
118 121
16 110
48 62
34 164
139 180
56 182
9 107
69 121
14 185
129 172
27 124
25 51
151 190
62 118
48 183
81 131
122 132
34 56
39 134
125 174
185 188
4 113
143 191
14 77
96 116
41 180
60 193
25 172
44 185
178 185
16 123
57 124
76 137
117 175
136 188
139 193
6 78
97 196
69 134
110 135
55 199
113 177
132 190
30 142
71 180
131 194
2 80
43 81
48 196
122 145
20 134
59 62
17 65
36 78
55 91
41 193
108 183
85 199
29 75
15 140
120 193
161 194
18 145
17 186
50 134
91 135
3 22
94 140
85 91
43 94
29 196
15 32
45 140
3 143
66 199
38 137
79 138
101 156
73 94
18 158
100 197
12 84
31 97
91 148
3 35
10 159
109 138
1 110
128 151
89 159
61 97
121 148
19 100
10 51
101 169
54 94
40 159
75 153
116 154
135 167
28 41
88 92
93 170
10 172
51 173
68 113
109 151
89 172
0 100
19 113
13 39
32 52
16 44
95 108
81 173
155 159
28 54
160 173
13 160
150 165
26 129
153 170
39 68
28 175
60 127
104 170
16 57
35 70
62 173
39 189
56 129
97 130
9 54
50 55
11 63
71 114
90 127
76 192
150 178
2 14
29 117
134 170
153 183
9 175
64 74
105 112
69 189
124 125
127 130
85 133
164 197
57 71
117 122
62 186
120 127
106 192
23 194
138 181
36 133
11 76
38 179
57 192
115 133
194 197
45 74
64 87
50 189
124 138
8 192
15 87
4 194
78 143
12 18
121 190
112 141
175 197
31 152
89 93
22 103
75 195
126 160
19 34
79 85
1 165
100 144
31 44
77 160
75 87
61 152
26 50
12 152
67 88
86 101
72 166
19 47
46 150
79 98
49 155
82 103
68 168
21 93
81 107
141 158
58 160
14 53
74 104
19 168
93 117
137 160
26 63
67 101
53 166
72 179
9 96
88 160
129 161
60 61
65 176
44 53
21 106
7 171
81 120
34 45
20 110
53 58
39 123
144 176
37 50
56 63
102 179
0 168
41 169
74 117
13 107
118 123
35 125
76 126
48 64
34 166
53 179
6 67
111 120
56 184
97 185
9 109
69 123
14 187
129 174
27 126
113 166
151 192
90 182
62 120
48 185
122 134
20 123
106 126
6 188
39 136
166 177
23 128
83 179
124 180
143 193
36 67
96 118
41 182
127 185
60 195
99 123
2 190
76 139
117 177
136 190
29 64
15 129
139 195
37 184
36 188
110 137
22 24
27 139
113 179
154 180
173 193
25 66
30 144
71 182
84 121
103 134
15 21
87 126
18 26
59 64
105 180
17 67
96 131
127 198
8 18
38 126
117 190
10 27
15 142
101 145
133 134
31 86
110 150
3 24
8 139
66 80
24 83
84 134
147 153
188 191
45 142
17 80
108 198
61 86
140 150
79 140
184 193
10 40
101 158
142 196
54 83
73 96
12 86
91 150
75 142
5 46
10 161
128 153
58 94
130 199
47 164
121 150
0 89
19 102
79 153
63 145
123 159
35 46
95 97
12 99
72 113
9 30
135 169
93 172
46 97
65 110
10 174
51 175
68 115
7 105
153 159
70 161
89 174
42 99
47 177
60 116
5 180
165 169
63 158
51 67
123 172
16 46
35 59
81 175
34 100
53 113
56 118
116 169
28 56
74 172
27 60
32 175
30 65
90 116
35 180
48 119
111 175
23 62
9 164
28 177
69 178
102 126
146 169
25 108
44 121
104 172
164 186
57 60
20 178
6 14
37 118
78 119
23 183
157 183
50 57
69 70
14 134
55 135
99 178
11 65
16 180
29 119
20 70
64 76
105 114
69 191
22 79
41 129
27 194
25 121
11 186
164 199
76 86
84 176
103 189
120 129
106 194
59 119
4 183
64 197
97 145
50 70
55 148
96 186
99 191
11 78
52 79
38 181
175 186
1 33
73 138
6 148
133 189
45 76
124 140
22 92
127 145
66 135
85 148
126 149
170 192
18 94
12 20
31 33
17 135
52 92
24 30
10 95
115 148
1 46
73 151
12 141
31 154
3 92
89 95
126 162
65 152
63 79
142 143
100 146
119 159
42 141
61 154
80 167
33 92
54 151
95 152
114 165
12 154
86 103
130 146
148 163
5 114
46 152
7 160
40 108
58 162
144 165
37 39
42 154
61 167
16 101
95 165
26 65
67 103
37 160
56 173
28 111
69 112
148 176
151 181
49 170
90 171
2 58
62 109
81 122
141 173
20 112
23 117
143 182
0 170
41 171
44 176
118 125
2 179
136 179
29 53
48 66
139 184
6 69
92 109
171 173
55 190
27 128
113 168
44 68
2 71
122 136
106 128
185 192
83 181
143 195
36 69
55 82
127 187
25 176
99 125
44 189
85 190
11 12
2 192
76 141
117 179
136 192
15 131
120 184
59 174
3 13
94 131
11 133
30 146
43 85
84 123
103 136
115 190
1 88
18 28
45 131
64 144
77 83
22 147
108 187
80 88
66 190
121 126
24 193
73 85
133 136
31 88
17 190
110 152
75 131
94 144
112 198
10 150
84 136
87 141
45 144
105 195
77 96
19 91
184 195
63 134
101 160
73 98
31 101
72 102
116 145
28 32
49 91
21 29
86 158
42 88
123 161
35 48
12 101
28 45
47 58
32 164
51 177
49 104
35 169
109 155
150 156
7 107
26 120
153 161
39 59
9 153
42 101
28 166
83 102
0 104
41 105
165 171
104 161
16 48
62 164
95 112
97 121
138 159
27 62
71 105
35 182
7 120
153 174
20 59
111 177
4 51
23 64
83 115
28 179
69 180
25 110
145 175
62 177
15 65
39 193
6 16
23 185
50 59
36 124
69 72
8 62
27 75
13 177
113 115
118 193
30 80
71 118
90 131
48 134
1 22
92 177
4 64
45 65
105 116
22 81
8 183
66 124
145 188
57 75
2 139
43 140
84 178
103 191
15 78
87 183
120 131
18 83
4 185
59 121
23 198
64 199
78 134
96 188
182 191
8 75
99 193
11 80
52 81
57 196
115 137
31 143
105 129
91 194
94 199
85 150
167 189
24 140
43 153
170 194
40 84
59 134
100 135
119 148
12 22
31 35
77 151
163 191
75 78
52 94
38 196
112 145
115 150
114 154
155 192
67 79
31 156
3 94
24 153
65 154
68 159
109 197
26 162
58 151
144 154
77 164
80 169
33 94
19 159
32 98
7 41
26 54
12 156
67 92
86 105
72 170
70 97
9 87
107 164
148 165
5 116
151 170
68 172
125 154
37 41
42 156
14 57
0 159
13 98
32 111
53 170
72 183
92 98
37 162
69 114
14 178
148 178
41 52
113 157
5 129
132 170
44 57
90 173
48 176
122 125
34 49
20 114
55 71
96 109
25 165
44 178
159 165
16 116
76 130
117 168
136 181
34 170
92 111
111 124
69 127
55 192
173 184
11 122
90 186
2 73
43 74
103 125
122 138
87 117
20 127
106 130
185 194
64 133
105 171
17 58
96 122
41 186
108 176
44 191
159 178
11 14
38 117
57 130
2 194
43 195
117 181
29 68
73 74
18 138
78 189
17 179
91 128
3 15
154 184
11 135
71 186
112 187
84 125
73 195
18 30
105 184
124 197
17 71
36 84
108 189
140 141
79 131
24 195
10 31
15 146
101 149
142 187
59 189
133 138
31 90
75 133
154 197
52 149
24 87
109 131
1 103
54 195
147 157
188 195
3 149
121 141
19 93
98 157
63 136
40 152
12 90
42 198
116 147
28 34
5 50
65 101
49 93
128 157
21 31
40 44
67 147
39 48
28 155
0 93
19 106
5 171
13 32
63 149
51 58
35 50
53 104
88 98
93 176
5 63
51 179
49 106
90 107
169 171
26 122
153 163
172 176
39 61
23 53
102 117
0 106
13 45
44 112
104 163
123 176
164 177
16 50
2 115
35 63
62 166
9 47
8 51
32 179
118 182
30 69
16 171
35 184
76 185
2 7
29 110
48 123
92 166
111 179
9 168
83 117
69 182
41 120
27 185
38 51
164 190
57 64
103 180
15 67
39 195
18 72
23 187
96 177
8 64
113 117
13 179
71 120
112 121
57 185
29 123
115 126
1 24
92 179
133 180
45 67
3 70
108 123
127 136
25 125
66 126
145 190
43 142
103 193
15 80
1 145
18 85
4 187
45 188
78 136
163 180
80 145
140 196
33 70
38 185
131 147
10 86
1 37
45 80
31 145
108 136
8 198
107 140
167 191
24 142
43 155
84 193
63 70
82 83
1 158
87 198
40 86
119 150
12 24
17 139
163 193
75 80
61 145
80 158
33 83
19 148
38 198
52 96
137 140
54 142
67 81
72 159
158 199
130 137
88 140
5 105
82 96
26 164
144 156
61 158
102 159
0 148
74 97
19 161
137 153
156 166
35 105
7 43
26 56
12 158
53 159
72 172
130 150
47 115
0 40
132 159
65 169
68 174
141 164
125 156
102 172
0 161
41 162
74 110
60 175
32 113
44 167
51 126
16 105
136 170
139 175
6 60
37 164
92 100
56 177
97 178
111 113
9 102
148 180
60 67
113 159
30 124
71 162
62 113
7 177
20 116
39 129
23 121
83 172
143 186
60 188
25 167
99 116
178 180
16 118
2 183
117 170
120 175
37 177
78 178
50 116
36 181
8 119
103 127
1 79
87 119
106 132
6 194
166 183
64 135
124 186
17 60
36 73
22 138
127 191
85 194
38 119
57 132
43 197
76 145
10 20
15 135
161 189
73 76
18 140
59 178
91 130
3 17
8 132
154 186
11 137
52 138
73 197
59 70
45 135
3 138
149 192
61 79
79 133
24 197
184 186
82 138
101 151
142 189
73 89
18 153
59 191
100 192
12 79
58 195
135 149
176 187
33 138
24 89
68 95
54 197
109 133
128 146
188 197
58 87
3 151
89 154
130 192
80 105
21 141
40 154
53 93
72 106
9 23
65 103
10 167
51 168
68 108
21 33
26 111
89 167
42 92
28 157
102 106
0 95
60 109
146 149
104 152
95 103
81 168
28 49
14 114
74 165
93 178
13 155
46 103
16 160
49 108
48 112
172 178
39 63
70 167
111 168
83 106
102 119
41 109
60 122
13 47
164 179
16 52
34 106
37 111
78 112
138 163
55 128
160 181
13 168
30 71
71 109
35 186
2 9
29 112
134 165
92 168
111 181
4 55
23 68
64 69
50 171
105 107
108 112
8 174
27 187
85 128
43 131
62 181
120 122
106 187
6 20
78 125
23 189
64 190
138 176
17 115
50 63
36 128
55 141
112 123
57 187
131 136
73 131
6 141
133 182
124 133
110 198
3 72
8 187
94 190
11 192
85 141
43 144
189 198
1 147
12 13
3 193
36 141
77 142
163 182
121 185
140 198
33 72
38 187
10 88
12 134
91 198
3 85
22 98
33 193
126 155
19 29
24 144
65 145
84 195
170 198
63 72
82 85
40 88
121 198
93 99
95 145
114 158
155 196
67 83
12 147
86 96
31 160
88 142
107 155
19 42
151 161
49 150
68 163
7 153
81 102
26 166
58 155
144 158
42 147
14 48
74 99
93 112
32 102
35 107
114 171
26 58
67 96
53 161
37 153
56 166
14 169
46 158
132 161
49 163
2 51
7 166
26 179
141 166
39 118
125 158
144 171
102 174
14 61
0 163
55 62
96 100
13 102
32 115
44 169
136 172
37 166
132 174
25 48
71 164
29 167
103 116
48 180
20 118
106 121
6 183
39 131
166 172
124 175
36 62
55 75
127 180
99 118
44 182
85 183
118 131
159 169
57 121
136 185
15 124
120 177
6 75
59 167
92 115
97 193
50 118
36 183
55 196
113 174
173 188
24 65
43 78
48 193
15 16
166 185
36 75
168 194
80 81
85 196
57 134
43 199
10 22
101 140
142 178
161 191
54 65
73 78
18 142
59 180
31 81
91 132
36 196
3 19
22 32
66 75
112 191
43 91
84 129
115 196
54 186
87 134
128 135
45 137
64 150
17 75
22 153
149 194
61 81
107 197
24 199
82 140
142 191
40 143
73 91
12 81
94 150
135 151
33 140
93 154
179 194
46 79
65 92
49 84
68 97
54 199
128 148
188 199
89 156
130 194
42 81
47 159
88 197
0 84
5 162
123 154
21 143
72 108
56 100
32 157
51 170
49 97
26 113
42 94
102 108
41 98
13 36
32 49
123 167
21 156
62 157
95 105
81 170
34 95
53 108
9 38
160 170
27 55
13 157
32 170
118 173
7 113
153 167
39 65
92 157
4 44
23 57
9 159
83 108
41 111
44 116
30 181
104 167
145 168
16 54
62 170
122 184
34 108
20 173
4 165
37 113
23 178
78 114
138 165
157 178
50 52
96 168
160 183
118 186
30 73
16 175
57 176
71 111
2 11
29 114
152 184
50 173
22 74
8 176
108 114
25 116
164 194
57 68
43 133
84 171
106 189
18 76
59 114
119 128
22 195
96 181
8 68
99 186
140 187
11 73
38 176
57 189
115 130
175 181
18 197
152 197
193 198
31 136
50 186
64 84
3 74
8 189
94 192
66 130
11 194
52 195
126 144
186 195
84 184
170 187
103 197
1 149
87 189
59 127
17 130
58 131
163 184
61 136
121 187
52 87
79 190
10 90
82 195
115 143
73 146
133 197
31 149
33 195
126 157
19 31
65 147
82 87
21 77
100 141
141 142
42 136
61 149
80 162
0 139
33 87
74 88
51 104
137 144
156 157
155 198
26 47
53 150
89 103
130 141
107 157
19 44
5 109
65 160
151 163
63 87
49 152
81 104
141 155
144 160
83 150
14 50
0 152
13 91
51 117
95 160
69 107
41 45
5 122
46 160
151 176
2 53
7 168
81 117
37 47
23 112
102 176
143 177
55 64
41 166
13 104
25 158
44 171
2 174
35 122
117 161
48 61
34 163
120 166
139 179
37 168
78 169
111 117
50 107
55 185
129 171
27 123
11 115
44 63
30 128
103 118
23 125
64 126
105 164
124 177
143 190
36 64
55 77
41 179
96 115
108 169
85 185
38 110
57 123
29 61
15 126
97 195
91 121
36 185
110 134
154 177
11 128
112 180
43 80
29 182
15 18
1 83
106 136
59 61
4 125
45 126
64 139
124 190
17 64
3 129
36 77
22 142
77 78
66 185
38 123
24 188
15 139
59 182
31 83
91 134
36 198
154 190
33 129
65 81
10 145
68 86
87 136
147 150
45 139
86 140
191 193
130 183
42 70
80 96
66 198
121 134
140 147
19 86
184 190
63 129
101 155
54 80
40 145
100 196
12 83
31 96
135 153
176 191
33 142
52 155
65 94
51 159
67 140
70 145
28 148
61 96
47 161
5 164
79 150
13 25
82 155
21 145
116 153
28 40
88 91
5 56
46 94
35 164
150 151
67 153
153 156
70 158
83 97
102 110
47 174
41 100
146 153
13 38
32 51
44 105
164 170
16 43
2 108
21 158
62 159
81 172
20 162
56 115
9 40
14 118
55 119
13 159
30 62
71 100
48 116
6 119
39 67
92 159
23 59
50 162
27 178
44 118
30 183
122 186
6 11
59 103
23 180
138 167
36 119
27 70
13 172
118 188
30 75
16 177
29 116
18 186
92 172
45 60
50 175
11 183
85 132
24 122
57 70
103 186
15 73
1 138
87 178
106 191
18 78
4 180
17 119
77 133
22 197
96 183
163 173
99 188
140 189
112 127
57 191
131 140
10 79
115 132
101 197
54 122
18 199
133 186
152 199
45 73
64 86
108 129
94 194
11 196
52 197
126 146
19 20
84 186
100 130
119 143
77 146
163 186
182 199
61 138
79 192
10 92
114 149
67 74
12 138
86 87
31 151
158 192
75 194
88 133
167 197
5 98
79 84
21 79
26 157
67 195
12 30
144 149
102 152
14 39
33 89
74 90
19 154
93 103
114 162
7 36
67 87
12 151
56 157
89 105
9 82
28 95
148 160
0 33
132 152
65 162
151 165
49 154
68 167
21 92
7 157
141 157
39 109
14 52
74 103
13 93
32 106
34 152
92 93
56 170
9 95
69 109
148 173
41 47
113 152
25 39
151 178
71 155
2 55
81 119
39 122
124 166
143 179
41 168
99 109
118 122
16 111
2 176
117 163
29 50
92 106
78 171
111 119
50 109
55 187
8 112
27 125
154 166
173 179
11 117
71 168
90 181
131 182
2 68
29 171
103 120
1 72
20 122
106 125
6 187
166 176
23 127
105 166
17 53
22 131
96 117
57 125
43 190
117 176
161 182
18 133
78 184
31 72
91 123
173 192
43 82
115 187
1 85
87 125
106 138
45 128
64 141
3 131
22 144
80 85
121 123
79 126
24 190
98 139
15 141
101 144
161 195
18 146
119 198
75 128
94 141
179 185
65 83
147 152
188 190
58 80
3 144
77 93
149 198
42 72
61 85
47 150
121 136
142 195
183 196
54 82
12 85
72 99
56 91
42 193
33 144
93 158
5 45
10 160
51 161
49 88
109 139
21 26
67 142
70 147
171 199
28 150
47 163
19 101
60 102
5 166
32 40
16 32
35 45
95 96
34 86
9 29
28 42
160 161
93 171
5 58
13 148
32 161
46 96
51 174
49 101
90 102
35 166
7 104
134 145
153 158
20 43
39 56
70 160
111 161
9 150
102 112
60 115
104 158
16 45
62 161
122 175
78 105
157 169
14 120
55 121
96 159
8 46
27 59
13 161
32 174
16 166
90 115
150 166
29 105
134 158
153 171
20 56
6 121
92 161
152 175
23 61
50 164
69 177
8 167
25 107
85 121
30 185
38 46
2 123
62 174
103 175
15 62
106 180
59 105
4 169
78 118
17 108
36 121
55 134
118 190
11 64
30 77
112 116
57 180
76 193
29 118
73 124
18 188
92 174
152 188
91 178
3 65
108 118
27 193
85 134
145 185
24 124
57 72
106 193
18 80
119 132
17 121
3 186
36 134
163 175
182 188
140 191
38 180
112 129
57 193
10 81
15 196
175 185
73 137
133 188
174 189
45 75
91 191
94 196
33 186
66 134
107 135
167 186
84 188
63 65
1 153
128 194
100 132
12 19
31 32
58 135
163 188
42 127
61 140
80 153
121 191
33 78
19 143
52 91
82 199
54 137
95 138
7 25
67 76
72 154
158 194
89 94
130 132
88 135
107 148
148 149
19 35
5 100
46 138
65 151
63 78
68 156
109 194
21 81
81 95
67 197
141 146
125 138
61 153
14 41
0 143
93 105
137 148
35 100
95 151
114 164
26 51
34 141
53 154
67 89
70 94
28 97
47 110
88 148
129 149
148 162
0 35
5 113
46 151
49 156
68 169
21 94
7 159
37 38
102 167
0 156
41 157
60 170
13 95
32 108
76 114
136 165
48 52
34 154
139 170
56 172
97 173
129 162
27 114
113 154
132 167
25 41
30 119
2 57
103 109
48 173
20 111
4 103
36 55
55 68
96 106
127 173
118 124
16 113
57 114
2 178
117 165
48 65
120 170
139 183
6 68
18 122
92 108
97 186
50 111
36 176
69 124
55 189
113 167
154 168
11 119
84 109
48 186
122 135
1 74
87 114
106 127
6 189
166 178
45 117
105 168
124 181
17 55
22 133
108 173
127 186
25 175
66 176
99 124
38 114
57 127
2 191
43 192
15 130
142 171
1 195
54 58
18 135
59 173
78 186
17 176
36 189
3 12
75 117
22 25
8 127
66 68
24 71
43 84
29 186
115 189
73 192
3 133
108 186
149 187
61 74
80 87
19 77
24 192
98 141
101 146
54 71
73 84
3 25
75 130
179 187
46 72
65 85
128 141
147 154
26 93
86 144
3 146
130 187
61 87
88 190
121 138
0 77
19 90
63 133
82 146
123 147
183 198
21 136
12 87
53 88
72 101
135 157
0 198
33 146
74 147
5 47
46 85
32 150
35 155
21 28
7 93
26 106
67 144
86 157
42 87
83 88
28 152
60 104
32 42
62 150
95 98
39 166
37 93
56 106
97 107
157 158
13 150
51 176
30 53
16 155
71 91
90 104
7 106
48 107
4 37
9 152
28 165
41 104
27 169
13 42
44 109
104 160
145 161
62 163
122 177
34 101
20 166
39 179
97 120
138 158
157 171
55 123
96 161
160 176
13 163
99 166
57 169
76 182
29 107
134 160
6 123
111 176
152 177
23 63
22 67
38 48
164 187
57 61
2 125
43 126
59 107
78 120
23 184
119 121
17 110
36 123
8 61
99 179
140 180
57 182
29 120
115 123
1 21
73 126
133 177
110 193
108 120
94 185
66 123
11 187
167 175
103 190
15 77
1 142
106 195
147 196
18 82
59 120
100 121
119 134
64 198
3 188
77 137
163 177
121 180
79 183
10 83
82 188
15 198
54 126
73 139
174 191
45 77
177 196
88 124
33 188
107 137
0 11
126 150
19 24
128 196
40 83
12 21
77 150
42 129
75 77
61 142
121 193
33 80
165 199
10 96
51 97
63 188
21 191
155 191
26 40
67 78
31 155
158 196
130 134
47 99
107 150
148 151
5 102
7 148
26 161
67 199
125 140
144 153
0 145
74 94
60 159
93 107
13 84
137 150
37 148
69 100
5 115
46 153
25 30
90 159
62 97
81 110
26 174
39 113
32 110
44 164
2 167
76 116
117 154
29 41
120 159
6 57
56 174
9 99
50 100
69 113
14 177
71 159
2 59
43 60
20 113
6 178
166 167
64 119
105 157
17 44
41 172
25 164
44 177
38 103
117 167
6 70
97 188
110 127
154 170
173 183
30 134
131 186
24 60
84 111
1 76
87 116
106 129
6 191
45 119
64 132
105 170
108 175
85 191
24 181
101 135
142 173
54 60
59 175
17 178
110 140
22 27
94 132
80 197
154 183
112 186
65 74
54 181
45 132
31 197
58 71
22 148
149 189
61 76
80 89
107 192
19 79
79 130
24 194
10 30
82 135
142 186
40 138
17 191
75 132
61 197
176 184
195 197
33 135
52 148
46 74
137 192
109 130
128 143
26 95
58 84
130 189
42 76
61 89
47 154
88 192
46 195
79 143
63 135
40 151
81 152
34 77
116 146
28 33
93 162
5 49
32 152
49 92
90 93
109 143
7 95
70 151
0 92
60 106
13 31
32 44
104 149
35 49
62 152
81 165
56 108
97 109
74 162
160 165
27 50
32 165
30 55
35 170
134 149
92 152
111 165
4 39
9 154
13 44
25 98
104 162
164 176
62 165
122 179
106 171
59 96
78 109
97 122
55 125
96 163
8 50
99 168
11 55
57 171
15 174
48 122
152 179
4 52
50 168
110 182
38 50
57 63
122 192
15 66
1 131
87 171
18 71
119 123
36 125
163 166
22 190
96 176
99 181
140 182
11 68
57 184
131 133
115 125
1 23
152 192
105 117
22 82
8 184
75 174
94 187
108 122
66 125
11 189
126 139
167 177
38 63
1 144
128 185
119 136
3 190
163 179
33 69
79 185
10 85
82 190
54 128
155 180
174 193
26 29
12 131
33 190
107 139
126 152
19 26
24 141
170 195
109 185
21 72
26 150
67 188
100 136
58 139
70 193
80 157
121 195
0 134
33 82
79 198
63 190
155 193
7 29
67 80
70 85
9 75
28 88
5 104
65 155
151 158
49 147
109 198
62 86
81 99
26 163
144 155
102 158
19 160
32 99
51 112
35 104
136 156
139 161
72 171
180 199
56 163
9 88
129 153
90 161
2 48
20 102
39 115
37 42
23 107
83 158
102 171
36 46
41 161
2 169
76 118
117 156
48 56
92 99
78 164
69 115
14 179
55 180
8 105
113 158
25 45
11 110
2 61
43 62
103 113
122 126
87 105
20 115
106 118
6 180
4 107
64 121
105 159
124 172
17 46
99 115
2 182
76 131
117 169
97 190
91 116
110 129
94 121
173 185
11 123
71 174
131 188
24 62
29 177
103 126
64 134
17 59
22 137
108 177
127 190
61 65
126 194
24 183
43 196
101 137
54 62
119 191
12 65
31 78
91 129
94 134
33 124
112 188
65 76
115 193
68 81
109 119
12 186
31 199
58 73
89 140
149 191
42 65
47 143
80 91
19 81
24 196
65 197
63 124
82 137
183 189
21 127
40 140
116 135
33 137
74 138
179 191
51 154
68 94
26 97
12 199
67 135
70 140
89 153
47 156
32 33
63 137
35 38
21 140
34 79
53 92
125 197
37 84
56 97
42 199
14 100
5 51
13 141
90 95
26 110
20 36
39 49
70 153
111 154
23 41
83 92
102 105
41 95
5 172
32 46
16 38
62 154
34 92
20 157
39 170
138 149
8 39
118 170
11 44
29 98
48 111
134 151
6 114
92 154
111 167
152 168
4 41
23 54
9 156
8 160
27 173
25 100
145 165
62 167
20 170
18 60
4 162
97 124
36 114
8 52
11 57
30 70
38 160
76 186
6 127
45 55
50 170
91 171
110 184
94 176
11 178
38 52
84 168
18 73
64 189
17 114
36 127
52 71
38 173
115 127
15 189
101 192
73 130
133 181
174 182
45 68
110 197
3 71
126 141
10 195
170 184
40 74
86 190
119 138
77 141
121 184
181 198
51 88
40 195
155 182
7 18
26 31
12 133
67 69
31 146
158 187
70 74
116 190
28 77
65 144
170 197
49 136
68 149
81 88
67 190
58 141
42 133
19 149
93 98
146 190
32 88
137 141
95 144
114 157
155 195
7 31
53 147
70 87
28 90
14 155
47 103
88 141
5 106
46 144
132 147
192 198
49 149
21 87
20 91
125 144
83 147
14 47
41 150
