50 62 200
48 38
34 11
94 37
12 58
60 82
63 29
71 26
91 25
94 82
90 67
54 38
92 57
50 76
15 18
51 47
3 61
89 74
9 7
33 22
90 59
37 54
31 38
6 54
32 59
22 26
21 56
51 51
9 34
45 29
42 39
34 55
35 59
94 2
65 49
29 87
90 91
83 38
7 88
97 23
73 29
95 78
43 40
40 76
23 37
10 88
93 79
4 55
60 64
87 54
14 11
16 20
24 33
32 34
41 49
10 43
6 30
0 48
4 12
7 29
0 5
21 37
17 24
20 47
28 30
14 34
28 33
5 37
2 23
3 49
13 23
8 36
8 42
10 27
10 39
28 48
24 29
10 42
41 45
4 5
25 37
10 48
12 15
15 44
21 30
16 43
9 16
9 19
8 20
12 45
14 42
20 46
30 32
11 34
8 47
30 47
25 42
10 47
15 37
7 27
2 49
15 40
34 35
9 15
29 48
5 32
10 16
31 48
1 10
3 44
11 18
17 34
1 25
