100 223 300
55 15
18 52
77 44
38 13
24 94
47 67
32 58
60 97
25 72
26 86
56 28
51 31
97 50
63 81
50 52
44 54
29 100
11 67
57 12
18 52
1 84
16 91
73 17
41 97
12 3
37 46
89 67
81 19
57 66
98 60
18 3
24 68
84 1
75 34
3 11
94 22
75 43
18 94
60 69
56 92
69 34
38 47
74 9
63 76
4 24
13 28
17 9
54 51
64 33
38 88
2 100
5 87
59 90
79 36
27 87
69 30
7 75
54 84
19 55
66 93
85 90
86 89
30 73
77 68
26 63
58 18
12 50
24 39
58 64
97 70
50 46
33 59
36 33
77 23
29 7
44 21
19 58
5 50
6 18
14 82
23 55
98 6
63 89
58 37
42 54
62 2
89 68
24 84
20 10
6 67
6 4
19 65
19 12
12 22
94 7
76 67
89 74
59 28
50 79
92 6
32 37
21 71
15 85
36 53
8 46
18 90
7 35
36 71
59 73
7 99
51 62
74 89
58 86
5 28
5 92
26 69
4 48
21 64
40 77
55 68
42 50
7 28
39 81
11 53
5 67
28 69
86 95
39 53
4 32
11 80
14 97
23 54
52 99
33 95
73 76
25 36
62 85
28 62
39 46
5 78
28 80
3 90
78 93
18 51
36 41
43 89
75 94
7 69
44 88
47 59
62 78
39 85
3 65
5 7
51 59
14 83
29 47
21 98
40 47
74 79
77 96
14 37
80 83
49 68
13 14
19 27
13 23
27 40
54 58
76 88
16 83
8 45
56 64
23 70
29 86
51 52
43 48
48 99
77 80
14 76
50 72
9 16
23 97
49 61
36 91
8 20
35 71
27 33
44 83
11 25
81 86
53 79
25 42
3 5
73 91
12 17
69 78
18 39
50 74
52 71
80 87
15 61
30 95
88 94
90 91
25 35
9 48
54 80
67 74
7 32
50 67
55 81
14 25
16 53
33 69
36 86
10 12
8 79
19 79
19 24
36 95
46 72
76 85
6 8
45 61
71 80
40 74
17 54
63 76
28 63
3 9
41 48
54 82
55 74
32 54
84 92
38 49
78 85
10 60
23 94
52 75
64 95
19 72
56 91
26 65
4 99
27 94
76 78
30 35
17 47
45 63
12 60
49 79
20 73
63 78
7 27
35 52
70 83
1 59
35 61
55 94
8 19
27 87
48 55
16 66
50 89
19 92
57 76
48 73
3 50
51 99
15 79
63 80
3 4
49 90
55 69
15 42
41 61
34 77
7 38
27 71
26 51
45 95
8 85
45 49
65 82
19 94
2 87
12 64
31 77
35 93
51 55
53 74
50 66
16 43
36 76
17 72
48 50
25 64
16 61
36 94
5 88
49 58
4 44
9 40
12 57
79 86
26 28
41 47
72 80
73 79
20 27
63 96
10 13
10 77
34 44
39 58
29 57
5 35
17 37
39 67
57 82
35 79
