200 1021 500
56 21
73 29
61 43
58 76
29 30
98 39
33 98
7 60
56 39
4 79
99 70
92 22
42 4
41 6
23 16
92 95
4 21
77 31
2 68
93 61
64 94
85 93
15 47
3 69
32 18
6 10
81 62
57 69
83 53
85 38
46 23
8 35
78 2
10 49
91 82
92 61
77 87
49 72
30 70
4 26
73 69
94 78
64 10
34 6
5 24
44 49
50 77
61 64
7 4
19 37
76 22
21 76
39 99
8 68
44 96
14 2
74 66
95 2
56 16
11 39
35 2
30 57
6 56
40 1
28 9
81 40
66 54
11 64
19 2
42 75
54 9
90 45
91 88
58 45
97 86
73 66
82 39
41 39
49 29
30 83
9 97
9 76
93 43
34 2
42 77
87 86
47 6
25 77
77 94
17 12
10 83
11 91
58 56
43 77
17 67
1 97
24 58
61 28
94 56
31 79
63 11
25 17
93 45
52 72
2 45
39 68
34 30
91 10
7 2
100 47
54 59
100 41
39 53
4 34
79 50
100 51
2 30
50 20
91 32
61 63
43 54
28 76
42 40
75 70
2 96
75 53
2 3
68 37
99 94
13 44
27 99
25 29
42 44
94 44
25 10
5 22
10 83
21 50
96 98
83 54
79 34
30 24
46 18
30 42
79 14
62 52
68 23
63 3
91 90
92 99
66 7
9 4
77 50
77 88
85 63
87 97
16 82
79 5
73 47
26 36
18 27
41 6
28 76
16 53
75 30
64 19
13 76
88 18
29 23
44 13
35 97
43 32
84 47
14 18
1 26
37 78
95 17
52 14
80 83
76 92
69 61
8 1
86 83
99 34
84 69
67 28
52 70
7 42
30 61
69 59
42 48
92 67
83 93
6 64
48 71
20 39
78 69
38 84
57 17
47 21
155 181
177 181
12 132
13 97
75 179
24 106
87 144
118 122
136 158
116 189
25 178
105 198
128 163
109 159
97 166
0 23
40 59
6 66
121 142
80 113
161 187
49 144
151 164
7 138
82 150
162 170
154 166
25 61
11 135
39 117
155 158
83 151
66 80
72 114
43 87
75 156
47 57
44 159
105 175
2 162
136 162
25 173
116 193
38 103
127 193
109 154
69 81
136 171
139 158
57 125
6 52
69 90
7 115
92 101
169 186
153 178
110 118
89 193
36 187
154 170
22 23
23 77
47 196
90 176
63 159
30 134
21 153
95 102
48 179
60 144
66 75
29 175
83 155
64 114
43 91
55 56
84 129
53 132
93 168
116 170
57 93
37 124
76 106
180 191
10 179
5 73
28 75
68 111
9 71
77 89
108 193
32 185
9 80
38 116
6 56
18 110
38 125
59 157
42 86
36 164
161 195
82 140
55 186
110 122
119 189
134 178
71 149
11 107
91 127
40 152
51 63
69 197
105 138
123 186
81 180
87 111
104 182
1 80
24 82
72 131
17 43
54 181
117 130
73 194
5 59
157 184
85 177
46 106
18 96
3 144
77 93
50 76
79 112
7 105
59 143
67 156
69 89
24 185
98 125
142 168
10 21
172 181
8 88
71 126
79 139
91 104
47 168
111 171
27 110
39 75
59 179
110 126
71 153
11 120
41 121
16 46
52 130
60 143
32 72
127 142
53 113
74 154
17 47
37 114
10 160
32 166
77 79
128 152
6 37
67 142
24 171
160 193
107 187
130 189
18 109
153 163
24 198
35 198
19 92
119 179
36 172
4 49
82 148
17 177
28 177
175 196
32 49
63 153
69 187
104 154
6 158
127 128
56 86
116 137
33 130
2 124
93 144
105 146
124 159
53 117
37 100
105 155
117 129
15 72
54 189
126 168
78 137
89 137
86 150
11 56
88 178
150 162
78 155
96 191
65 185
5 143
35 193
99 196
9 141
16 189
134 163
75 86
24 31
4 71
43 53
80 191
62 152
19 181
93 130
104 167
73 161
108 128
19 190
25 121
81 174
105 141
22 97
8 199
34 99
86 100
93 148
34 108
105 150
109 111
37 104
73 188
137 191
2 146
89 114
16 148
88 164
45 193
126 190
70 137
8 64
42 66
100 138
100 147
163 185
29 105
65 189
31 47
111 165
21 110
41 88
75 108
53 71
58 186
133 198
11 172
137 159
122 170
27 198
30 194
74 139
75 193
114 184
13 129
68 77
4 160
67 109
149 151
66 153
89 118
87 185
59 114
88 150
55 125
19 50
1 163
76 166
45 197
79 110
11 55
36 139
100 142
46 171
92 138
21 96
99 195
26 183
29 127
49 194
60 105
58 181
19 162
1 37
1 46
37 67
105 122
11 176
164 180
32 128
32 137
130 142
178 191
16 129
23 177
89 122
50 51
29 77
1 167
30 63
60 64
82 101
12 24
38 162
99 181
129 191
50 136
141 156
26 178
49 180
113 183
7 174
152 174
115 134
25 79
61 163
122 142
73 137
110 186
105 117
8 175
38 45
126 130
14 87
86 103
55 97
118 135
167 186
99 131
2 198
64 182
63 74
82 87
45 187
57 152
71 96
4 6
17 125
121 164
151 177
121 173
23 28
38 166
112 115
50 140
4 33
73 114
69 162
79 194
133 183
37 57
83 173
156 157
114 151
14 73
122 173
67 85
75 187
103 169
60 198
118 121
114 178
72 172
89 103
36 97
76 142
71 73
34 173
100 109
53 186
48 80
68 147
76 160
132 159
148 185
29 94
21 90
21 99
50 135
61 135
121 186
152 155
132 195
8 138
122 123
39 116
22 45
42 149
91 163
51 90
144 178
122 141
174 179
0 152
51 99
8 165
19 165
32 95
110 185
35 91
174 197
185 197
12 135
35 100
84 151
95 151
47 74
99 112
16 105
75 191
78 89
84 169
41 198
13 127
70 94
33 194
88 130
148 153
97 178
63 73
14 171
9 102
46 151
140 176
68 169
41 63
47 195
8 124
2 53
101 175
39 102
125 142
71 171
144 155
39 111
30 151
166 170
83 163
29 192
155 179
24 86
193 196
41 166
21 197
83 181
26 37
52 175
26 46
13 113
18 42
36 78
56 145
41 193
59 80
64 149
70 89
105 196
159 167
29 48
36 96
167 180
178 180
28 92
28 101
80 102
97 173
148 157
78 178
59 174
26 149
21 80
15 167
11 115
33 63
79 179
0 124
10 70
39 106
62 108
32 67
0 133
79 188
154 191
143 163
82 193
21 174
31 120
6 185
75 154
87 119
94 167
4 112
6 194
95 132
102 171
88 93
33 157
44 157
47 64
106 150
25 162
47 73
33 175
99 111
17 69
68 105
128 147
9 65
136 160
6 41
38 110
108 196
57 123
6 50
32 188
40 52
80 88
128 174
2 196
49 128
111 112
58 115
8 96
49 146
150 189
33 40
58 124
18 149
28 181
63 148
90 165
133 145
27 136
125 141
14 26
48 177
48 186
29 182
166 169
95 127
81 192
25 139
177 178
4 116
124 172
1 92
25 148
52 174
53 139
47 68
85 171
5 62
120 138
49 96
86 145
0 2
117 160
76 131
38 114
49 123
27 86
150 175
169 188
27 95
24 197
142 180
161 193
30 100
2 29
25 31
10 42
0 105
75 117
8 127
48 163
71 165
162 185
103 108
71 174
63 170
33 147
55 58
158 169
1 87
105 163
56 121
45 130
68 95
74 166
105 181
9 55
85 175
117 146
188 197
9 64
15 98
21 29
77 91
85 193
120 160
15 116
86 167
59 150
121 134
10 19
161 179
16 188
27 99
90 146
5 169
79 155
125 131
31 87
14 16
80 190
3 25
17 18
1 64
112 188
116 149
45 107
115 193
64 120
65 85
39 194
65 103
117 141
122 175
46 99
67 131
23 195
126 180
6 35
98 109
51 186
35 169
69 82
85 188
13 178
32 191
35 187
59 154
121 138
20 46
31 46
42 92
54 57
27 103
0 86
10 32
55 183
29 131
17 175
6 138
75 107
82 155
60 118
91 124
40 149
63 151
146 158
50 181
29 158
104 161
40 167
35 61
50 199
61 199
6 174
17 22
124 157
37 98
39 180
65 80
76 80
68 85
6 12
93 178
38 90
22 136
130 173
14 141
42 60
89 144
24 173
47 138
89 153
169 173
99 185
142 165
90 136
47 165
40 126
71 141
83 106
0 99
11 99
80 171
83 115
175 198
4 69
84 89
81 154
60 131
143 147
54 155
81 181
11 193
2 135
89 112
74 160
138 163
32 154
157 176
24 150
18 79
120 136
19 53
78 139
19 62
11 58
88 180
126 197
107 193
28 138
23 41
8 89
2 18
75 88
83 101
69 166
104 133
41 104
152 191
21 144
44 109
58 193
164 165
64 87
116 125
22 90
42 194
25 123
116 132
0 188
22 99
45 101
54 168
108 139
68 75
93 159
197 198
13 136
24 136
72 185
130 154
59 112
13 154
82 86
17 115
23 198
59 130
48 93
34 195
56 195
76 182
31 40
5 140
40 107
12 36
99 193
151 194
4 32
17 151
29 116
9 147
58 152
94 96
112 132
131 145
123 141
16 24
73 140
50 184
73 149
102 185
81 162
39 156
73 158
102 194
103 168
83 199
43 126
145 183
85 141
95 182
59 107
15 82
53 185
36 114
45 181
11 39
82 90
16 154
17 119
77 133
20 26
90 112
40 93
21 89
29 102
12 31
152 163
52 85
45 46
101 197
4 54
7 190
18 190
25 86
56 64
108 111
93 122
174 196
164 173
20 147
73 162
103 163
5 18
86 92
37 87
38 52
67 88
46 65
75 190
186 188
55 95
53 171
11 25
118 178
30 38
48 74
117 192
16 149
19 56
20 21
34 194
11 52
41 53
48 92
48 101
60 66
58 133
77 137
80 133
111 148
140 175
151 184
50 147
69 160
81 125
49 191
62 121
104 136
31 124
37 55
62 139
22 66
66 91
110 188
122 153
144 190
145 146
54 144
37 73
93 126
86 87
20 151
31 151
15 45
67 83
84 154
64 166
1 137
189 197
170 193
0 29
57 154
58 119
65 167
60 61
26 157
68 172
81 102
163 190
60 79
81 111
129 197
123 126
19 136
41 84
81 120
14 39
8 154
54 121
94 157
20 128
60 164
0 159
12 124
174 186
75 171
7 36
60 191
26 49
13 116
147 168
70 92
8 19
76 126
88 128
1 132
9 82
57 131
21 56
148 160
40 69
128 191
77 118
46 149
6 76
140 165
98 159
3 196
14 196
38 163
89 199
141 148
104 117
162 189
141 166
152 166
63 174
122 134
14 43
11 145
30 158
48 194
122 143
24 84
43 97
11 163
41 164
96 100
14 70
75 175
53 138
87 140
55 80
60 195
87 158
59 87
44 187
147 172
25 183
70 96
22 159
170 183
11 19
100 106
6 62
46 144
6 71
37 175
15 138
97 180
86 189
67 185
62 79
6 89
14 191
70 181
30 117
7 161
162 184
20 91
14 20
27 139
29 167
102 151
30 144
103 116
79 195
114 116
112 192
3 47
35 79
21 181
