15 84 50
43 34
87 20
83 55
83 30
94 93
63 36
41 22
21 45
22 6
100 17
2 18
66 63
76 52
46 77
99 17
3 13
5 10
8 9
0 14
2 11
11 14
6 11
7 10
3 6
5 12
8 11
9 10
0 7
2 4
1 8
7 12
3 8
5 14
9 12
1 10
7 14
12 13
3 10
5 7
0 2
9 14
1 3
5 9
4 11
1 14
2 13
7 9
3 14
5 11
1 7
2 6
7 11
4 6
1 9
2 8
6 8
5 6
4 8
1 2
0 4
10 14
1 11
0 13
2 10
11 13
6 10
12 14
3 11
4 10
8 10
2 3
1 13
2 12
6 12
3 4
4 12
8 12
1 6
0 8
2 5
9 11
2 14
6 14
4 5
4 14
0 1
8 14
9 13
0 10
2 7
6 7
4 7
5 8
10 13
0 12
2 9
11 12
6 9
7 8
