50 983 200
53 39
19 89
50 13
23 79
21 87
93 25
34 94
95 29
6 26
11 62
23 91
100 96
69 39
97 73
27 81
28 56
15 44
75 43
47 82
46 21
10 23
50 11
94 35
59 71
75 76
22 2
10 86
91 33
97 26
59 96
9 76
2 7
60 96
77 5
81 24
49 38
20 67
75 2
89 31
74 78
85 43
80 50
20 79
86 83
82 30
26 33
34 99
77 78
100 14
54 56
15 21
7 17
26 30
7 26
18 26
15 39
7 35
18 35
29 32
18 44
8 9
0 5
29 41
8 18
40 41
6 48
11 14
21 46
0 23
11 23
10 36
33 38
2 32
10 45
33 47
44 47
2 41
3 6
3 15
14 15
22 28
3 24
14 24
22 37
3 33
14 33
22 46
3 42
14 42
15 16
7 12
36 48
15 25
47 48
7 21
18 21
18 30
6 34
29 36
48 49
21 32
6 43
29 45
40 45
10 31
2 27
25 29
10 40
2 36
25 38
10 49
3 10
22 23
14 19
22 32
3 28
3 37
36 43
17 39
7 16
5 46
17 48
9 44
6 29
29 31
21 27
6 38
29 40
6 47
40 49
21 45
10 17
2 13
2 22
10 35
33 37
25 33
10 44
25 42
3 5
3 14
13 46
24 46
3 23
14 23
35 46
36 38
17 34
28 34
7 11
9 30
36 47
5 41
17 43
9 39
6 15
6 24
6 33
29 35
6 42
29 44
40 44
21 49
10 12
39 48
2 8
10 21
2 17
25 28
10 39
2 35
13 32
24 32
3 9
32 45
43 45
24 41
35 41
14 18
16 37
1 48
17 20
5 27
17 29
36 42
9 25
5 36
17 38
17 47
6 10
28 47
9 43
6 28
21 26
21 35
6 46
39 43
2 3
20 39
10 16
2 12
20 48
31 48
2 30
4 49
13 27
3 4
32 40
1 34
13 36
24 36
35 36
43 49
13 45
35 45
16 41
17 24
36 37
9 20
5 31
17 33
9 29
5 40
17 42
9 38
5 49
6 14
9 47
6 23
42 44
21 30
20 34
31 34
10 11
2 7
20 43
31 43
12 39
2 16
12 48
4 44
13 22
32 35
16 18
1 29
13 31
24 31
32 44
1 38
13 40
24 40
35 40
1 47
13 49
24 49
5 8
17 19
9 15
5 26
17 28
9 24
5 35
17 37
28 37
5 44
6 9
27 41
8 46
19 46
30 46
42 48
20 29
39 42
12 25
23 25
20 38
31 38
12 34
23 34
2 11
20 47
31 47
12 43
4 39
13 17
4 48
1 24
13 26
24 26
32 39
1 33
13 35
24 35
16 31
1 42
13 44
24 44
16 40
35 44
16 49
5 12
9 10
38 46
5 21
17 23
9 19
5 30
9 28
27 36
6 13
8 32
19 32
27 45
8 41
19 41
30 41
11 37
42 43
0 46
20 24
12 20
20 33
31 33
39 46
12 29
23 29
20 42
4 25
31 42
12 38
23 38
4 34
23 47
1 10
4 43
1 19
16 17
1 28
16 26
16 35
1 46
5 7
38 41
5 16
9 14
15 48
5 25
7 44
26 48
27 31
8 27
27 40
27 49
11 32
8 45
19 45
30 45
0 41
11 41
12 15
4 11
39 41
12 24
23 24
20 37
4 20
31 37
12 33
23 33
4 29
12 42
23 42
34 39
1 14
4 47
34 48
45 48
1 23
24 25
37 44
16 21
16 30
15 34
26 34
5 11
46 49
26 43
38 45
7 39
7 48
8 13
8 22
19 22
27 35
0 18
11 18
8 31
19 31
27 44
0 27
11 27
8 40
19 40
30 31
30 40
8 49
19 49
30 49
0 45
11 45
41 46
20 23
12 19
31 32
4 15
12 28
23 28
4 24
12 37
23 37
1 9
34 43
1 18
37 39
3 46
14 46
37 48
15 29
26 29
5 6
7 25
18 25
15 38
38 40
7 34
15 47
26 47
38 49
7 43
18 43
0 4
27 30
0 13
8 26
19 26
27 39
0 22
11 22
30 35
0 31
8 44
19 44
30 44
0 40
11 40
11 49
4 10
33 46
12 23
44 46
4 19
4 28
34 38
1 13
3 32
22 45
34 47
45 47
14 41
37 43
7 20
18 20
15 33
7 29
26 42
7 47
8 12
18 47
0 8
8 21
19 21
11 17
8 30
19 30
0 26
11 26
0 35
11 35
41 45
4 5
25 37
4 14
10 48
2 44
25 46
22 31
3 27
34 42
3 36
14 36
22 49
37 38
3 45
14 45
15 19
7 15
15 28
26 28
7 24
18 24
15 37
26 37
18 33
7 42
18 42
29 39
8 16
11 12
29 48
40 48
21 44
0 21
11 30
10 34
41 49
25 32
4 9
10 43
33 45
25 41
44 45
2 48
22 26
3 22
14 22
22 35
34 37
14 31
22 44
3 40
14 40
37 42
3 49
14 49
7 10
15 23
7 19
18 19
15 32
26 32
7 28
18 28
7 37
18 37
29 34
8 11
0 7
29 43
40 43
21 39
0 16
10 20
10 29
41 44
2 25
25 27
10 38
2 34
25 36
10 47
33 49
2 43
3 8
25 45
3 17
3 26
22 39
14 35
3 44
36 41
15 18
7 14
17 46
18 23
9 42
0 2
6 36
21 34
6 45
29 47
40 47
21 43
10 15
10 33
33 35
2 29
25 31
10 42
33 44
2 38
25 40
3 12
32 48
43 48
3 21
14 21
3 30
14 30
17 32
28 32
36 45
17 41
28 41
9 37
5 48
6 22
6 31
29 33
6 40
29 42
40 42
21 38
6 49
21 47
10 19
2 15
10 28
2 24
25 26
10 37
25 35
32 34
2 42
3 7
32 43
24 39
35 39
3 16
14 16
13 48
24 48
14 25
16 44
35 48
17 18
17 27
9 23
5 34
17 36
28 36
9 32
36 49
5 43
6 8
17 45
9 41
28 45
47 49
6 26
21 24
6 35
29 37
21 42
10 14
2 10
20 46
2 19
10 32
2 28
13 25
2 37
32 38
13 34
24 34
3 11
32 47
43 47
1 41
13 43
24 43
16 39
35 43
5 20
17 22
9 18
5 29
17 31
36 44
9 27
5 38
17 40
28 40
9 36
5 47
6 12
17 49
9 45
28 49
6 21
6 30
21 28
6 39
39 45
2 5
20 41
10 18
31 41
2 14
12 46
4 42
13 20
32 33
1 27
24 29
32 42
16 25
1 36
13 38
24 38
16 34
35 38
1 45
24 47
35 47
16 43
5 15
9 13
5 24
36 39
9 22
5 33
17 35
28 35
9 31
5 42
6 7
28 44
9 40
6 16
27 48
6 25
21 23
0 49
20 36
31 36
39 49
12 32
23 32
2 9
31 45
12 41
23 41
13 15
1 22
13 24
32 37
16 20
1 31
13 33
24 33
16 29
32 46
1 40
13 42
35 42
16 38
43 46
1 49
5 10
46 48
38 44
5 19
17 21
5 28
17 30
28 30
9 26
5 37
9 35
27 34
6 20
8 39
19 39
30 39
8 48
19 48
30 48
0 44
11 44
20 22
12 18
20 31
39 44
12 27
23 27
2 4
4 23
20 40
12 36
23 36
20 49
4 32
31 40
12 45
23 45
31 49
4 41
1 17
13 19
1 26
13 28
16 24
1 35
13 37
35 37
16 33
1 44
16 42
38 39
5 14
15 46
38 48
5 23
27 29
8 25
27 38
8 34
19 34
27 47
0 30
8 43
19 43
30 43
0 39
11 39
42 45
0 48
11 48
12 13
20 26
12 22
31 35
4 18
12 31
23 31
31 44
4 27
12 40
1 3
23 40
4 36
12 49
1 12
13 14
4 45
34 46
45 46
1 21
16 19
1 30
16 28
1 39
46 47
26 41
5 18
9 16
7 46
18 46
8 20
19 20
8 29
11 25
8 38
19 38
30 38
0 34
11 34
30 47
42 49
0 43
20 21
12 17
20 30
23 26
31 39
4 22
12 35
4 31
23 44
4 40
34 41
1 16
13 18
22 48
1 25
37 46
16 23
15 27
26 27
15 36
26 36
5 13
7 32
18 32
15 45
26 45
18 41
8 15
27 28
0 11
8 24
19 24
27 37
0 20
8 33
30 33
0 29
11 29
8 42
19 42
30 42
0 38
11 38
0 47
11 47
41 48
20 25
4 8
4 17
12 30
23 30
25 49
4 26
4 35
22 34
34 36
1 11
22 43
34 45
1 20
3 39
14 39
37 41
14 48
15 22
7 18
26 31
7 27
18 27
15 40
26 40
38 42
7 36
26 49
18 45
0 6
8 19
27 32
0 15
11 15
8 28
19 28
0 24
11 24
8 37
19 37
30 37
11 33
0 42
11 42
41 43
33 39
12 16
10 46
33 48
44 48
25 44
4 21
22 29
22 38
34 40
14 34
22 47
34 49
45 49
3 43
14 43
37 45
7 13
15 26
7 22
18 22
15 35
26 35
7 31
15 44
26 44
7 40
18 40
0 1
18 49
8 14
0 10
29 46
8 23
40 46
0 19
11 19
30 32
0 28
33 34
41 47
25 30
4 7
10 41
33 43
25 39
4 16
14 47
25 48
22 24
3 20
14 20
22 33
34 35
14 29
22 42
34 44
3 38
14 38
37 40
3 47
7 8
