100 2020 300
80 75
76 74
92 71
1 85
37 39
60 98
65 13
37 52
95 90
31 73
40 26
25 75
21 30
87 63
36 6
49 13
6 63
85 54
73 51
47 37
72 50
68 30
64 59
8 60
22 47
54 60
29 13
87 36
76 91
3 39
16 95
39 79
12 69
81 76
74 97
85 57
96 90
51 28
7 67
59 58
92 98
23 64
4 31
58 98
81 77
66 71
32 41
80 55
46 95
9 14
58 42
66 48
34 43
94 59
72 28
33 43
35 8
32 24
77 74
49 53
42 31
89 64
79 59
21 10
100 70
85 43
22 62
8 68
19 91
34 41
47 34
47 96
49 94
14 39
49 98
75 33
60 17
22 87
15 22
64 49
37 84
27 19
7 69
46 94
10 96
71 64
80 48
29 22
31 51
84 43
46 79
35 95
1 31
62 50
57 20
13 14
37 35
72 68
30 18
28 7
36 71
8 9
0 5
5 83
6 48
11 14
17 94
29 68
40 77
73 74
39 81
10 54
3 15
54 97
66 71
13 65
4 96
32 78
51 91
16 70
96 99
47 57
59 68
5 60
9 67
77 85
28 80
48 58
81 91
25 47
39 94
12 77
51 68
3 28
43 64
32 91
17 48
35 96
76 97
9 80
27 97
10 44
3 5
62 91
20 94
12 90
13 55
4 86
23 99
24 64
51 81
16 60
1 80
7 11
5 50
38 84
50 58
29 35
69 71
27 74
50 94
10 21
8 97
0 93
20 71
31 80
4 63
32 45
24 41
84 92
1 57
87 97
34 91
37 96
17 38
57 74
36 51
76 87
28 47
68 83
88 98
5 63
6 28
58 75
50 71
42 67
8 74
20 48
11 79
30 92
31 57
23 53
2 30
1 34
13 45
32 58
23 89
24 54
64 90
16 50
1 70
5 40
38 74
49 83
68 96
15 90
8 51
19 60
11 56
30 69
10 11
8 87
0 83
20 61
12 57
13 22
31 70
23 66
24 31
43 44
16 27
35 40
34 81
45 90
5 17
37 86
3 93
49 60
28 37
6 18
79 88
58 65
50 61
61 70
27 77
0 60
19 73
12 34
30 82
91 98
75 90
1 24
33 93
25 89
4 66
72 84
24 44
34 94
26 53
46 68
38 64
49 73
15 80
26 89
27 54
18 85
71 97
63 93
21 96
41 74
20 51
60 87
4 43
44 79
34 71
37 76
38 41
56 89
3 83
49 50
18 62
19 27
30 36
50 51
42 47
82 83
29 77
48 90
60 64
6 93
11 59
52 60
31 37
4 20
75 80
41 87
33 83
25 79
53 61
93 97
85 93
10 99
56 66
3 60
14 69
67 81
70 86
36 93
15 70
19 40
30 49
71 87
63 83
82 96
21 86
40 99
41 64
60 77
22 50
74 97
25 92
66 93
14 82
55 83
7 43
26 56
18 52
17 93
21 63
0 40
44 46
1 4
34 38
44 82
37 43
10 89
51 90
43 86
7 20
26 33
70 76
17 70
55 96
28 79
7 56
48 57
5 95
6 60
11 26
40 89
41 54
33 50
73 86
25 46
2 62
14 36
34 51
74 87
66 83
13 77
32 90
37 56
43 99
36 60
15 37
26 46
9 79
77 97
28 92
69 93
48 70
2 39
62 90
20 93
32 67
51 80
3 40
22 53
35 72
1 79
66 96
13 90
18 19
24 99
55 86
47 82
0 7
58 97
50 93
42 89
62 67
33 40
73 76
31 79
2 52
3 17
54 99
14 26
74 77
66 73
85 86
13 67
4 98
16 72
55 63
47 59
59 70
9 69
69 83
21 43
40 56
80 92
10 33
62 80
54 76
12 79
4 75
32 57
24 53
43 66
35 62
17 50
57 86
36 63
68 95
26 98
5 75
50 83
69 96
2 6
20 60
11 91
32 34
23 65
2 42
35 39
14 16
20 96
12 92
13 57
4 88
16 62
28 36
1 82
57 99
58 64
50 60
69 73
61 69
80 82
27 76
2 19
62 70
54 66
20 73
12 69
4 65
32 47
23 78
72 83
43 56
84 94
35 52
1 59
46 67
37 98
65 80
57 76
15 79
18 84
50 73
69 86
42 69
11 81
12 46
53 83
4 78
64 92
46 80
6 7
65 93
49 85
68 98
15 92
0 49
19 62
11 58
30 71
10 13
23 32
75 79
54 56
41 86
60 99
12 59
44 91
24 33
64 69
10 98
1 49
34 83
45 92
5 19
46 57
38 53
49 62
15 69
7 65
26 78
27 43
18 74
79 90
82 95
40 98
20 40
11 71
12 36
39 53
31 49
4 32
83 96
34 60
72 86
64 82
16 42
22 85
15 46
34 96
5 32
18 51
38 66
7 78
18 87
11 48
71 99
41 76
52 85
13 14
4 45
44 81
16 19
2 84
1 39
5 9
38 43
78 79
3 85
49 52
18 64
71 76
63 72
42 49
82 85
48 92
41 53
20 30
6 95
31 39
4 22
44 58
10 65
33 85
93 99
64 72
22 75
15 36
26 45
59 79
28 91
8 33
27 46
0 29
40 65
19 42
6 72
11 38
71 89
60 79
44 71
22 52
66 95
37 68
24 98
15 49
8 10
67 96
0 6
18 54
59 92
17 95
0 42
40 78
33 39
6 85
12 16
22 29
1 6
54 98
34 40
74 76
45 49
2 87
43 88
22 65
35 84
26 35
18 31
89 91
17 72
28 81
29 46
48 59
40 55
11 28
62 79
33 52
25 48
3 29
22 42
74 89
66 85
85 98
32 92
16 84
36 62
55 75
28 58
7 35
18 44
5 74
9 81
77 99
28 94
69 95
61 91
40 68
6 75
2 41
3 6
4 87
32 69
15 16
7 12
16 97
17 62
28 71
29 36
5 87
58 99
10 22
21 68
62 69
8 98
54 65
81 82
33 42
20 72
39 85
2 54
43 55
87 98
66 75
13 69
32 82
36 52
88 99
17 75
9 71
29 49
69 85
40 58
27 88
2 31
62 82
54 78
73 91
39 98
13 46
4 77
51 72
35 64
1 71
5 41
46 79
65 92
36 65
9 48
49 84
28 61
15 91
21 22
50 85
10 12
69 98
2 8
0 84
20 62
25 28
11 93
31 71
3 9
1 48
12 94
13 59
53 95
45 91
36 42
9 25
1 84
6 19
69 75
42 58
27 78
31 48
10 25
91 99
42 94
75 91
54 68
0 97
32 49
72 85
23 80
24 45
64 81
84 96
35 54
5 31
46 69
38 65
17 42
68 87
61 84
19 87
11 83
30 96
31 61
13 49
72 98
64 94
16 54
3 84
9 15
26 67
38 78
49 87
50 52
42 48
8 55
27 68
18 99
20 29
39 42
0 87
41 88
53 62
32 39
16 31
87 91
38 55
15 71
7 67
79 92
11 37
71 88
63 84
29 91
20 42
11 73
12 38
52 74
23 47
83 98
53 75
45 71
37 67
56 80
3 74
22 87
14 83
7 44
26 57
67 95
59 91
38 68
8 45
48 81
0 41
12 15
4 11
23 24
52 87
25 70
4 47
44 83
45 48
37 44
10 90
16 21
2 86
3 51
22 64
14 60
34 75
26 34
67 72
5 11
37 80
89 90
14 96
55 97
7 57
47 93
27 35
18 66
79 82
11 27
30 40
90 91
63 74
48 94
21 77
0 54
41 55
60 68
33 51
6 97
12 28
4 24
2 63
22 41
1 18
33 87
25 83
53 65
2 99
3 64
22 77
15 38
55 74
26 47
17 84
36 97
28 93
48 71
29 94
41 68
10 80
16 96
36 74
15 51
55 87
59 94
11 17
63 64
21 67
40 80
41 45
6 87
25 37
4 14
10 57
34 42
74 78
24 77
55 64
47 60
26 37
18 33
36 87
9 70
40 57
5 99
11 30
21 80
44 63
74 91
17 51
36 64
28 60
47 73
29 61
21 57
61 93
25 27
10 47
2 43
62 94
54 90
3 44
36 41
15 18
7 14
47 50
28 73
50 97
10 24
42 93
81 84
0 96
20 74
39 87
12 70
32 48
23 79
51 61
3 21
43 57
1 60
32 84
17 41
36 54
76 90
6 31
58 78
77 91
29 51
69 87
61 83
8 77
27 90
11 82
39 64
12 83
13 48
32 61
24 57
64 93
43 70
35 66
1 73
46 81
65 94
57 90
27 67
50 87
42 83
54 57
32 38
24 34
84 85
1 50
87 90
13 61
53 97
45 93
36 44
26 79
46 94
58 68
49 99
50 64
77 81
42 60
61 73
80 86
27 80
0 63
11 72
39 54
30 85
83 97
75 93
0 99
33 96
13 38
53 74
64 83
84 98
22 86
34 97
65 84
76 93
49 76
68 89
15 83
26 92
18 88
42 73
8 80
20 54
60 90
39 67
12 50
4 46
23 59
1 40
53 87
45 83
5 10
64 96
56 92
9 17
22 99
28 30
14 95
6 11
27 70
19 66
11 62
39 44
30 75
94 96
25 82
72 77
24 37
16 33
22 76
14 72
34 87
45 96
46 61
86 97
37 92
38 57
57 70
49 66
8 34
26 82
27 47
0 30
18 78
79 94
11 39
30 52
82 99
0 66
12 40
44 72
10 79
75 96
25 95
64 86
37 69
22 89
14 85
67 97
18 55
19 20
59 93
17 96
8 47
0 43
20 21
6 86
11 52
12 17
52 53
4 13
1 7
60 93
33 76
13 18
53 54
44 85
37 46
10 92
56 59
2 88
22 66
14 62
15 27
86 87
38 47
3 89
49 56
15 63
55 99
7 59
47 95
48 60
27 37
11 29
30 42
71 80
48 96
40 92
60 70
33 53
6 99
12 30
25 49
52 66
22 43
1 20
74 90
25 85
45 63
85 99
37 59
3 66
35 98
15 40
55 76
26 49
67 87
18 45
59 83
70 92
28 95
8 37
40 69
6 76
29 96
21 92
41 70
44 75
3 43
22 56
13 93
28 72
48 50
40 46
5 88
6 53
11 19
92 93
63 66
9 95
29 73
21 69
40 82
6 89
10 59
74 80
66 76
13 70
32 83
37 49
3 56
43 92
36 53
55 66
67 77
18 35
5 65
70 82
77 90
48 63
40 59
6 66
2 32
81 96
54 79
20 86
25 52
31 95
32 60
2 68
1 72
16 88
17 53
28 62
50 86
29 63
69 99
21 59
25 29
39 76
31 72
54 92
13 60
4 91
24 69
43 82
35 78
36 43
28 39
1 85
59 63
5 55
6 56
92 96
50 99
2 22
62 73
0 98
73 82
20 76
25 42
39 89
12 72
3 23
43 59
14 32
1 62
13 73
24 82
57 79
76 92
9 39
5 68
77 93
50 76
21 49
61 85
8 79
27 92
19 88
11 84
23 58
2 35
20 89
23 94
64 95
43 72
16 55
35 68
28 29
6 10
57 92
49 88
29 30
7 91
19 65
39 43
10 16
83 86
94 95
20 66
11 97
12 62
39 79
4 58
32 40
51 53
43 49
87 92
13 63
53 99
45 95
46 60
16 68
17 33
57 69
6 23
18 77
38 92
79 93
69 79
82 98
0 65
11 74
39 56
30 87
31 52
75 95
1 29
12 75
13 40
25 94
72 89
45 72
64 85
14 84
34 99
65 86
38 69
57 82
49 78
68 91
7 81
19 55
11 51
30 64
63 98
23 25
8 82
11 87
13 17
4 48
44 84
23 61
24 26
16 22
1 42
34 76
53 89
45 85
46 50
38 46
56 94
17 23
9 19
7 58
19 32
79 83
30 41
50 56
7 94
20 33
60 69
30 77
91 93
23 38
83 89
94 98
33 88
4 61
72 79
37 58
3 65
14 74
38 59
78 95
36 98
8 36
19 45
11 41
30 54
21 91
0 68
41 69
2 77
34 66
25 97
53 79
45 75
3 78
22 91
15 52
8 13
59 95
19 22
30 31
17 98
29 72
8 49
40 81
41 46
20 23
6 88
31 32
4 15
23 28
1 9
33 78
34 43
52 91
53 56
85 88
64 65
37 48
56 61
7 25
86 89
38 49
78 85
97 98
89 94
7 61
8 26
0 22
71 82
41 59
33 55
10 71
2 67
3 32
22 45
14 41
34 56
74 92
3 68
15 42
78 98
29 62
21 58
40 71
6 78
4 5
21 94
20 98
37 38
3 45
13 95
70 71
55 91
28 74
29 39
48 52
0 12
40 48
5 90
6 55
92 95
9 97
50 98
62 72
33 45
25 41
44 54
2 57
3 22
22 35
74 82
66 78
32 85
51 98
24 81
35 90
1 97
18 37
59 75
5 67
28 87
21 48
73 94
12 84
31 97
32 62
24 58
43 71
24 94
21 25
50 88
54 58
33 35
39 78
43 48
84 86
22 25
54 94
12 97
43 84
17 32
76 81
5 57
38 91
9 64
50 65
29 42
40 51
6 58
39 55
30 86
2 24
62 75
39 91
31 87
4 70
23 83
24 48
51 65
35 57
34 98
46 72
65 85
17 45
57 81
9 41
26 93
6 35
69 91
8 81
27 94
20 55
30 99
31 64
23 60
2 37
13 52
53 88
32 65
45 84
64 97
56 93
17 22
35 70
46 85
65 98
49 90
42 51
15 97
7 93
8 58
19 67
31 41
10 18
42 87
83 88
75 84
94 97
0 90
11 99
13 29
72 78
23 73
24 38
51 55
43 51
16 34
64 74
35 47
84 89
95 98
87 94
46 62
38 58
57 71
15 74
7 70
26 83
18 79
58 72
61 77
8 71
0 67
12 41
30 89
23 50
75 97
1 31
34 65
13 42
24 51
56 83
14 86
26 60
5 37
46 75
38 71
49 80
27 61
0 44
20 22
11 53
12 18
23 27
41 81
1 8
20 58
52 90
53 55
23 63
24 28
2 89
35 37
1 44
34 78
86 88
38 48
3 90
89 93
26 73
18 69
30 43
71 81
63 77
48 97
0 57
19 70
52 67
31 44
4 27
34 55
45 64
64 77
3 67
22 80
67 88
46 65
59 84
78 97
70 93
49 70
8 38
27 51
0 34
30 56
71 94
29 97
21 93
41 71
33 67
4 40
2 79
34 68
45 77
37 73
55 90
7 50
47 86
59 97
30 33
63 67
9 96
48 87
6 90
4 17
10 60
41 84
37 50
10 96
51 97
2 92
3 57
15 31
59 74
70 83
17 77
47 99
48 64
6 67
63 80
40 96
41 61
33 57
73 93
52 70
3 34
22 47
14 43
74 94
66 90
13 84
32 97
24 93
15 44
70 96
17 90
29 64
25 30
22 24
14 20
25 66
12 96
32 74
55 57
47 53
26 30
67 68
18 26
70 73
9 63
28 76
21 37
11 23
92 97
81 87
33 47
39 90
44 56
10 63
51 64
43 60
14 33
74 84
13 74
32 87
43 96
17 44
1 99
6 34
17 80
58 81
77 94
28 89
21 50
61 86
80 99
30 98
10 40
73 96
32 64
51 77
3 37
43 73
1 76
5 46
24 96
65 97
16 92
17 57
28 66
5 82
6 47
50 90
10 17
2 13
61 99
62 64
8 93
33 37
2 49
84 88
35 46
32 77
24 73
76 83
9 30
96 98
47 56
5 59
6 24
46 97
77 84
50 67
42 63
80 89
8 70
27 83
31 53
62 77
12 76
13 41
31 89
4 72
23 85
43 63
16 46
35 59
65 87
17 47
57 83
15 86
30 65
2 3
8 83
0 79
11 88
39 70
23 62
24 27
3 4
13 54
53 90
64 99
37 82
17 24
28 33
14 98
5 49
6 14
50 57
8 60
11 65
31 43
23 39
2 16
83 90
94 99
0 92
20 70
53 67
4 62
44 98
23 75
24 40
64 76
35 49
17 37
9 33
15 76
27 50
18 81
19 46
79 97
30 55
71 93
50 70
42 66
60 83
11 78
12 43
39 60
31 56
52 79
13 44
72 93
45 76
37 72
26 62
18 58
59 96
49 82
15 89
18 94
11 55
12 20
75 76
41 83
1 10
52 92
13 21
4 52
44 88
64 66
56 62
2 91
14 65
86 90
37 85
38 50
3 92
89 95
15 66
19 36
11 32
30 45
71 83
63 79
29 86
8 63
40 95
20 37
52 69
44 65
23 42
37 62
3 69
22 82
14 78
15 43
7 39
78 99
17 89
28 98
19 49
6 79
11 45
4 6
63 92
60 86
44 78
37 39
10 85
22 59
34 70
18 25
38 40
15 56
7 52
26 65
27 30
0 13
59 99
5 91
48 89
21 72
60 63
6 92
12 23
1 13
74 83
93 96
85 92
32 86
2 94
3 59
14 68
15 33
67 80
86 93
18 38
59 76
70 85
89 98
17 79
9 75
28 88
6 69
11 35
62 86
33 59
25 55
10 75
3 36
14 45
66 92
13 86
32 99
16 91
7 42
47 78
5 81
58 93
29 66
21 62
4 9
44 45
10 52
2 48
14 22
12 98
37 42
51 89
24 72
3 49
35 81
55 59
1 88
7 19
47 55
26 32
70 75
9 65
77 83
48 56
0 16
40 52
6 59
92 99
10 29
81 89
33 49
31 88
23 84
2 61
32 89
17 46
29 56
61 88
39 69
10 42
54 85
4 84
32 66
51 79
28 32
7 9
13 89
17 59
29 33
15 98
5 84
58 96
10 19
8 95
54 62
20 69
31 78
51 56
24 39
95 99
4 97
9 32
28 45
1 91
47 58
88 96
5 61
6 26
77 86
42 65
21 42
8 72
19 81
30 90
31 55
23 51
2 28
20 82
12 78
4 74
32 56
23 87
64 88
72 92
1 68
46 76
57 85
49 81
15 88
6 39
18 93
19 58
30 67
2 5
19 94
20 59
11 90
12 55
4 51
35 38
1 45
13 56
45 88
57 62
3 91
9 22
36 39
28 35
15 65
5 51
38 85
98 99
69 72
42 55
8 62
0 58
20 36
30 80
31 45
75 88
41 95
1 22
4 64
45 65
72 82
64 78
16 38
22 81
34 92
65 79
38 62
57 75
49 71
8 39
19 48
79 99
11 44
0 71
41 72
52 81
31 58
1 35
45 78
56 87
15 55
7 51
26 64
18 60
59 98
30 34
48 88
27 65
40 84
19 61
60 62
75 78
41 85
60 98
34 46
53 59
93 95
4 54
64 68
3 58
14 67
34 82
26 41
5 18
46 56
78 88
57 65
70 84
3 94
49 61
89 97
7 64
8 29
26 77
0 25
30 47
82 94
21 84
60 75
33 58
12 35
52 71
10 74
2 70
22 48
1 25
33 94
34 59
66 91
37 64
3 71
14 80
7 41
26 54
70 97
0 38
40 74
6 81
63 94
21 97
62 98
41 75
1 2
33 71
34 36
52 84
37 41
10 87
51 88
2 83
3 48
22 61
7 18
26 31
13 98
59 65
38 42
36 81
55 94
28 77
7 54
8 19
27 32
19 28
5 93
11 24
30 37
71 75
82 84
29 78
21 74
41 52
6 94
25 44
4 21
44 57
10 64
2 60
74 85
66 81
85 94
32 88
43 97
9 77
28 90
48 68
40 64
41 65
44 70
22 51
7 8
