50 529 200
30 94
67 92
19 62
78 67
33 48
52 99
32 23
58 19
79 27
58 56
30 3
96 98
68 20
75 26
35 47
55 14
29 28
99 37
1 46
90 62
62 2
69 54
95 69
71 33
24 8
98 71
29 68
37 54
80 26
1 89
35 77
67 3
46 10
79 44
76 30
14 92
41 59
39 95
85 62
76 9
4 12
99 77
16 23
52 28
95 47
42 99
72 18
49 27
37 74
91 54
15 21
7 26
18 26
15 39
29 32
18 44
40 41
8 18
21 37
0 14
11 14
0 23
11 23
10 27
25 34
10 45
14 15
22 28
14 24
22 37
14 33
3 33
47 48
6 34
48 49
21 32
0 9
29 45
40 45
10 22
10 31
2 27
25 29
10 40
2 36
10 49
2 45
3 10
25 47
3 19
14 19
3 28
14 28
17 39
28 39
7 16
5 46
9 44
6 29
29 31
6 38
29 40
6 47
21 45
2 22
10 35
33 37
25 33
2 40
3 5
25 42
32 41
22 27
24 46
36 38
28 34
5 41
9 39
6 15
6 24
21 22
6 42
10 12
2 8
10 21
10 30
25 28
10 39
32 36
24 32
43 45
3 18
16 37
16 46
5 27
17 29
36 42
17 38
28 38
9 34
5 45
28 47
9 43
21 26
6 46
39 43
20 39
20 48
2 21
2 30
4 49
24 27
3 4
1 34
13 36
16 32
16 41
9 11
17 24
36 37
3 47
9 38
9 47
42 44
6 32
21 30
31 34
13 22
1 29
24 31
43 44
16 27
1 38
13 40
35 40
13 49
24 49
5 17
5 35
17 37
28 37
6 9
27 41
6 18
23 25
20 38
31 38
23 34
20 47
31 47
12 43
4 39
1 15
13 17
1 24
13 26
24 26
32 39
1 42
16 40
16 49
5 12
5 30
9 28
5 39
27 36
27 45
19 41
30 41
42 43
11 37
20 24
20 33
39 46
12 29
23 29
31 42
12 38
23 38
4 34
12 47
4 43
1 19
13 21
16 17
1 28
5 7
9 14
15 48
30 36
27 49
0 32
11 32
42 47
0 41
11 41
20 28
4 20
12 42
1 5
23 42
4 38
13 16
16 30
15 34
5 11
46 49
38 45
7 39
7 48
8 13
19 22
27 35
11 18
19 31
30 31
27 44
8 40
0 36
11 45
4 6
20 32
31 32
12 28
23 28
23 37
1 9
34 43
1 18
37 39
37 48
5 6
7 25
15 38
18 34
15 47
38 49
7 43
18 43
0 4
0 13
19 26
27 39
0 22
11 22
19 35
11 31
8 44
11 49
33 46
22 36
34 38
3 32
45 47
37 43
7 20
15 33
7 29
7 38
7 47
18 47
0 8
0 17
0 26
11 26
11 35
41 45
2 44
25 46
22 31
3 27
14 27
14 36
37 38
22 49
3 45
14 45
7 15
15 28
26 28
7 24
18 33
11 12
29 48
40 48
21 44
11 21
11 30
4 9
2 39
2 48
3 13
22 26
3 22
14 22
22 35
14 31
3 40
14 49
7 10
15 23
7 19
15 32
26 32
18 28
8 11
0 7
6 41
29 43
0 16
11 16
21 48
10 29
2 25
33 40
2 34
33 49
25 45
14 26
3 35
14 44
36 41
15 18
21 25
0 2
6 36
29 38
21 34
6 45
21 43
2 20
10 33
25 31
33 44
2 38
2 47
22 25
3 21
7 9
36 45
28 41
9 46
29 33
21 38
10 19
2 15
2 24
2 33
2 42
3 16
17 27
36 40
17 36
36 49
9 32
47 49
5 43
6 8
17 45
6 17
6 26
6 35
29 37
21 33
6 44
21 42
2 10
31 46
10 23
2 19
10 32
2 37
3 11
32 47
35 43
16 48
17 22
17 31
36 44
9 27
28 49
21 28
2 5
20 41
23 46
1 27
24 29
1 45
13 47
24 47
5 24
17 26
9 22
5 33
17 35
28 35
9 31
27 48
6 25
31 36
10 13
20 45
2 18
13 15
13 24
32 37
32 46
1 40
35 42
16 38
1 49
5 19
5 37
27 43
19 48
30 48
20 22
31 40
20 49
4 32
31 49
12 45
1 8
4 41
24 28
16 24
24 37
15 46
5 23
27 29
27 38
8 34
19 34
30 34
19 43
11 39
20 35
4 18
31 35
20 44
31 44
1 3
34 46
1 30
16 28
5 9
46 47
26 41
38 43
9 16
7 46
8 20
19 20
27 33
27 42
0 25
8 38
30 38
11 34
20 21
20 30
4 13
12 26
4 22
23 35
4 31
23 44
34 41
1 16
1 25
37 46
15 27
26 27
7 32
18 32
26 45
38 47
0 11
8 24
27 37
0 20
11 20
27 46
30 42
0 47
4 17
23 30
1 11
22 43
34 45
1 20
14 39
3 48
14 48
7 18
7 27
18 27
37 49
38 42
18 36
15 49
27 32
0 15
8 28
0 24
11 24
8 37
19 37
41 43
12 16
4 12
10 46
33 48
22 29
22 38
3 34
14 43
15 17
7 31
7 40
18 40
0 1
18 49
40 46
19 23
0 19
30 32
0 28
11 28
41 47
25 39
4 16
2 46
25 48
14 29
34 44
14 38
14 47
7 8
