500 6198 500
17 77
54 50
13 19
55 94
67 100
46 78
69 33
63 52
19 56
90 19
47 24
26 70
70 5
53 23
22 36
24 69
36 13
8 48
88 88
34 66
37 8
46 86
22 55
60 45
81 56
80 65
64 69
48 86
54 98
28 30
87 36
67 62
63 80
27 67
36 93
10 45
77 22
36 20
75 72
1 8
45 99
56 8
73 27
17 79
38 78
10 17
17 25
98 10
90 81
63 57
30 98
32 45
54 31
11 2
84 71
99 81
27 10
10 87
37 94
24 57
5 84
58 54
73 47
9 65
56 21
24 71
59 71
90 31
76 60
82 84
30 82
71 92
87 12
45 37
52 90
21 30
44 67
65 39
42 76
26 95
9 43
47 99
3 66
22 16
85 57
89 85
31 59
33 71
30 70
95 77
10 37
47 9
47 58
8 62
72 97
63 93
100 60
5 81
95 2
36 37
29 66
2 95
51 46
48 15
24 91
36 66
61 51
3 54
36 2
32 19
68 91
88 8
30 73
28 84
98 41
48 15
92 36
87 17
25 88
24 68
90 2
58 6
9 17
69 10
40 85
77 3
90 58
5 100
64 10
100 80
28 24
63 49
55 40
100 5
58 44
21 65
18 21
52 29
42 25
48 2
57 8
68 78
62 27
86 32
80 13
56 12
8 21
94 76
77 25
72 16
90 50
38 91
66 74
57 69
43 41
42 92
42 34
59 1
33 71
80 56
60 68
29 27
2 76
75 74
25 39
51 37
9 7
4 68
57 91
60 31
19 16
79 26
73 93
21 42
61 61
40 99
77 79
89 75
24 93
10 55
1 22
32 16
94 61
98 20
14 67
90 32
85 97
60 61
47 52
100 79
51 62
36 43
46 61
78 63
71 40
90 9
33 39
82 46
75 19
63 2
74 9
13 3
71 9
73 77
42 28
99 46
57 66
5 97
54 76
78 49
84 3
58 26
25 84
33 93
79 4
22 47
91 53
3 33
69 17
12 62
91 83
36 80
72 67
56 28
77 70
12 58
99 84
92 12
35 5
26 35
100 19
87 20
13 80
91 25
83 26
22 53
73 37
27 10
71 54
48 100
84 72
46 33
56 93
45 72
81 43
4 13
82 91
6 10
62 25
62 72
77 84
87 74
100 2
67 54
41 80
41 62
34 82
82 50
94 28
4 29
78 64
79 23
19 20
34 2
73 19
49 35
52 90
60 27
75 2
71 56
35 37
25 44
20 72
38 46
81 7
100 71
66 98
100 94
16 60
56 71
51 30
3 69
11 82
39 31
89 79
53 2
47 88
13 43
73 52
37 2
8 88
20 34
83 24
21 16
13 98
88 50
7 96
20 7
61 83
57 4
56 77
84 82
91 36
49 5
25 64
43 11
22 68
61 49
12 55
61 54
8 13
85 1
36 45
59 82
79 96
6 59
22 97
80 58
82 6
83 62
26 34
53 30
89 54
74 87
83 35
56 72
94 35
48 69
20 39
59 45
54 8
26 22
47 45
44 44
9 92
73 61
83 15
64 25
7 42
15 11
28 60
33 97
27 47
96 73
59 15
60 30
19 75
11 3
42 5
96 55
47 70
45 67
28 46
64 87
35 46
49 94
64 34
31 13
91 4
98 36
80 64
52 91
52 57
18 15
76 60
90 34
49 38
9 29
58 42
84 25
16 41
79 12
46 34
62 63
97 99
67 17
59 6
42 67
85 46
33 61
28 7
38 79
67 66
26 42
33 49
99 44
43 80
74 67
57 42
67 51
57 97
91 7
100 14
94 14
85 27
21 89
11 59
83 98
20 100
30 4
69 48
46 41
18 84
6 71
84 19
42 23
10 58
9 29
81 9
67 22
9 83
15 64
24 28
74 52
12 61
96 34
6 77
49 11
98 46
13 77
48 53
89 3
89 69
77 37
68 29
67 77
26 21
20 26
41 73
57 38
22 13
49 86
16 14
60 3
98 2
86 31
36 72
64 18
19 24
21 12
96 96
94 12
49 53
86 22
96 65
26 39
98 90
17 99
46 89
13 63
16 80
57 79
99 92
19 12
66 52
18 95
35 96
98 40
41 85
69 74
24 99
86 6
47 35
61 30
34 69
88 37
48 75
39 59
10 52
87 42
45 17
56 6
23 26
78 55
3 37
36 18
46 82
72 41
21 47
84 52
17 77
40 67
100 64
82 54
4 73
57 32
81 2
70 21
36 46
36 54
70 17
81 13
86 50
2 20
53 61
28 54
53 8
43 71
22 44
57 80
211 332
49 270
21 437
95 386
174 450
86 337
97 166
107 396
65 399
49 391
109 442
259 386
405 440
116 337
157 338
9 211
143 174
74 340
160 343
60 405
25 155
99 104
197 410
62 222
166 279
6 61
336 461
248 348
55 182
60 297
242 274
206 351
25 276
51 477
90 405
131 177
134 219
87 107
465 467
449 459
41 405
228 231
178 410
305 451
90 297
38 107
398 413
57 120
2 184
84 223
29 287
180 456
37 407
240 241
152 357
157 472
243 475
113 402
333 405
48 421
309 462
196 292
55 316
302 422
407 475
140 360
66 182
38 349
189 252
161 190
110 373
77 196
99 480
52 139
142 298
191 419
325 419
270 483
314 489
85 437
341 363
406 492
65 199
318 416
82 139
235 381
183 191
441 486
40 142
45 486
26 207
293 322
353 373
163 478
112 432
198 206
459 476
5 40
46 78
230 424
376 478
40 263
12 201
107 209
0 83
313 314
46 199
170 494
63 368
260 387
238 261
260 279
20 38
350 438
190 220
28 158
107 451
181 400
327 454
368 492
65 454
32 277
63 381
178 331
238 382
145 154
218 403
317 382
28 279
74 395
220 449
137 451
159 210
398 455
226 385
171 449
4 43
9 387
363 390
41 339
250 449
425 450
2 118
15 57
199 403
273 352
160 411
421 452
206 298
30 301
35 416
370 406
208 344
15 178
133 170
152 183
407 409
30 193
103 412
43 132
103 183
251 283
344 474
418 460
154 350
121 173
71 352
291 355
230 345
175 409
133 183
119 248
323 428
166 481
174 305
279 358
191 245
121 415
214 377
33 302
200 479
186 315
24 253
222 497
271 359
1 498
276 474
274 364
353 428
339 493
177 431
416 484
228 433
314 436
66 371
167 423
107 143
112 487
5 95
46 133
1 390
128 431
147 444
169 203
155 305
389 472
193 331
295 315
281 380
355 366
14 36
184 484
32 90
137 143
271 372
436 439
232 380
144 267
89 331
56 154
102 270
176 256
14 157
146 313
192 200
169 445
408 498
7 154
12 498
347 488
56 275
60 165
5 229
299 447
63 436
49 272
315 391
12 390
172 342
72 404
14 399
60 286
211 455
159 265
345 391
47 468
124 163
136 173
15 112
20 227
56 409
185 294
331 348
50 335
124 284
129 399
96 222
187 340
113 162
282 348
106 351
312 456
196 281
113 283
178 412
305 453
319 351
282 469
189 241
138 461
224 235
8 351
316 467
66 292
16 471
392 462
24 66
84 117
122 372
235 249
1 82
316 359
1 432
82 128
18 372
54 66
36 426
17 184
77 198
163 238
283 303
181 255
38 472
286 308
186 370
38 243
131 434
346 359
277 488
1 324
73 429
155 239
210 434
58 77
70 131
176 298
341 365
167 249
387 481
24 429
244 432
202 435
265 491
72 96
300 485
308 309
179 195
459 478
271 427
417 481
114 443
274 432
259 309
88 198
126 453
234 252
151 217
82 383
104 142
68 219
329 489
81 158
12 324
359 368
39 161
378 381
185 215
28 268
415 448
123 276
109 378
190 451
308 443
16 42
169 284
139 341
39 403
72 351
359 381
4 153
23 166
41 220
32 400
71 99
222 231
208 333
9 389
69 174
148 467
113 446
206 408
99 282
254 341
138 395
317 397
55 360
96 169
421 454
440 467
85 239
11 61
84 280
10 65
115 118
254 462
27 419
228 409
388 398
11 411
203 352
59 344
205 398
64 193
316 414
154 352
379 470
38 177
115 131
286 363
186 425
203 365
189 430
450 471
100 358
91 309
89 199
80 379
140 430
200 481
107 253
341 420
82 196
72 151
77 495
88 132
239 264
257 318
68 153
21 307
114 269
292 312
322 420
88 253
327 498
404 489
274 379
347 369
237 497
278 498
83 259
102 272
165 328
49 382
257 331
95 269
40 333
62 92
86 449
287 439
345 380
102 393
47 457
262 382
93 344
41 154
146 436
132 272
250 264
7 277
134 318
122 227
375 444
9 323
5 352
27 111
113 151
252 458
117 270
254 275
102 406
187 221
173 286
238 452
38 98
76 124
312 337
182 227
132 406
118 471
122 361
161 289
73 176
446 458
143 420
22 130
323 472
175 345
106 474
1 192
39 484
59 399
212 412
224 466
36 415
196 404
8 353
75 114
300 461
33 117
175 466
268 428
276 289
4 355
133 240
283 413
388 466
11 479
304 472
1 434
1 205
18 374
77 200
22 264
316 482
135 141
15 490
175 479
189 377
334 472
31 434
281 316
322 354
404 423
216 372
202 208
100 426
383 485
102 206
88 308
281 437
107 321
181 270
253 375
179 197
313 426
82 493
271 429
376 482
68 329
369 442
126 455
308 432
46 432
192 257
109 488
257 386
12 326
53 327
129 322
238 494
49 329
139 222
433 440
226 376
220 332
15 48
139 343
144 458
345 448
41 451
294 402
27 287
25 214
250 332
222 233
122 295
23 289
152 174
284 330
27 408
219 349
277 290
122 416
115 228
340 346
17 107
16 407
186 293
2 472
277 411
45 290
64 303
31 126
330 459
8 408
127 359
27 421
302 360
214 247
90 477
258 290
318 341
189 190
340 359
163 403
22 198
261 480
38 408
43 486
423 478
45 303
196 472
237 473
302 373
137 242
1 381
147 435
59 359
114 258
26 145
31 260
177 314
75 303
295 306
126 497
420 486
198 373
32 81
362 481
255 355
72 153
58 255
88 363
239 266
32 202
51 215
150 194
81 94
306 441
267 486
211 325
68 276
21 430
403 495
172 333
6 41
50 84
248 328
368 430
46 379
51 457
412 436
109 435
150 207
389 489
53 274
39 339
273 277
262 384
250 266
21 443
136 393
117 151
315 395
48 280
172 346
359 438
39 231
378 451
226 323
331 339
27 113
99 218
20 339
23 344
284 385
60 411
146 451
275 336
57 342
131 291
236 344
48 293
138 452
23 236
64 237
196 393
160 470
272 388
185 419
367 396
289 476
8 234
261 414
300 342
305 457
263 460
189 245
119 186
243 481
91 353
402 474
173 422
121 232
112 183
203 301
304 353
235 482
109 114
174 243
26 79
50 473
110 487
311 477
77 81
209 237
30 494
286 420
65 192
230 296
109 235
276 412
18 376
133 363
40 135
36 430
182 484
402 487
341 477
165 251
277 492
1 328
174 485
394 488
246 361
278 313
190 200
369 431
33 482
148 203
202 439
155 364
100 428
260 380
12 315
34 74
245 257
42 194
116 143
47 272
373 442
169 383
67 372
141 321
287 375
171 200
350 431
23 36
104 375
403 442
34 316
53 329
336 388
247 316
178 445
30 52
76 168
81 283
153 388
70 390
226 378
157 278
129 445
132 450
206 399
104 388
384 442
29 214
208 216
152 284
78 106
23 170
50 273
437 453
55 122
44 458
145 281
150 396
120 224
37 455
30 186
103 176
23 412
3 174
203 235
161 238
6 364
166 353
432 472
270 410
3 66
173 477
249 472
15 305
78 361
427 478
163 405
163 176
302 483
61 128
337 477
95 126
298 485
413 472
89 311
22 321
256 488
135 198
93 201
101 321
469 488
202 373
408 478
119 375
108 482
75 305
167 308
313 362
46 247
82 200
40 432
21 190
73 380
172 322
58 486
378 427
149 375
56 147
223 324
295 429
47 327
396 481
0 23
10 445
290 499
21 311
274 491
26 389
141 147
153 201
199 317
364 384
42 370
9 193
60 158
51 338
252 328
338 368
35 330
208 258
12 383
111 325
56 389
135 453
336 443
308 381
160 217
201 255
247 371
269 389
255 491
370 441
347 494
144 394
130 496
326 371
262 386
36 43
468 491
233 328
103 218
166 274
78 161
23 225
124 277
143 290
110 113
247 384
352 400
43 59
120 279
39 354
97 295
124 169
196 274
363 451
127 403
316 339
30 470
85 177
305 446
186 229
439 446
117 395
103 231
309 336
254 400
4 454
4 225
372 392
243 470
251 331
22 242
140 234
112 172
73 180
105 398
143 424
17 56
22 363
182 352
305 459
323 476
20 475
87 236
422 455
59 403
75 118
38 465
38 236
225 291
65 73
115 419
189 368
194 483
202 307
155 232
26 81
17 298
344 427
209 468
214 317
244 425
87 478
40 137
193 379
141 189
86 253
399 484
3 255
144 194
80 438
140 489
19 199
332 430
65 315
5 35
63 242
82 255
183 307
394 490
218 264
130 188
47 382
162 369
234 245
299 374
197 326
362 430
114 328
174 379
359 361
259 423
88 312
299 495
247 305
257 498
197 218
35 156
180 251
70 379
259 315
245 380
162 382
5 398
220 323
137 325
53 331
254 321
125 207
37 94
113 318
46 328
99 154
338 436
227 339
83 331
143 345
129 447
248 398
132 452
206 401
261 337
269 457
29 216
175 270
358 391
17 98
254 455
20 288
6 353
215 463
289 412
11 404
352 468
365 407
29 458
43 127
185 476
205 391
127 471
261 471
335 420
85 474
117 463
318 453
29 350
189 302
82 176
110 423
196 463
325 348
330 463
283 351
135 187
71 468
112 469
258 294
103 420
142 348
4 414
265 418
380 405
36 366
130 230
402 423
214 372
189 315
101 202
353 423
31 372
89 313
75 415
209 415
162 303
195 251
167 418
368 408
19 25
65 370
84 420
290 488
101 323
218 319
149 485
383 423
116 308
74 311
5 211
10 326
151 265
404 482
202 496
183 254
293 385
67 308
86 321
53 144
281 496
69 88
280 308
202 388
26 391
88 488
322 426
14 273
79 439
157 214
27 104
321 322
211 450
11 96
178 273
30 109
76 225
150 211
136 276
141 391
152 220
4 93
97 284
331 451
47 463
262 388
5 466
247 494
187 214
321 443
118 343
104 445
30 230
48 284
194 338
199 453
391 394
129 394
159 273
412 453
43 61
120 281
83 399
284 389
261 405
25 394
300 333
379 397
120 402
249 287
254 402
207 290
196 397
13 461
217 456
24 290
310 418
304 344
161 295
1 77
54 169
307 349
64 362
130 164
228 241
115 300
31 77
96 472
167 352
98 481
131 429
230 408
137 180
376 462
68 80
207 424
22 378
66 421
281 309
0 67
346 475
170 478
128 481
54 303
45 483
339 435
223 489
214 440
82 486
49 309
178 194
35 145
255 414
20 22
58 314
70 139
75 483
94 496
369 435
314 499
95 317
12 319
72 333
42 427
135 389
0 201
285 333
68 335
250 312
227 328
72 454
306 392
9 371
88 435
162 384
229 374
363 374
85 100
252 277
16 266
384 433
15 41
254 323
37 325
111 274
9 492
157 390
160 395
127 218
421 436
51 408
356 455
78 218
124 334
160 287
60 349
261 339
247 441
333 444
178 341
117 331
444 460
222 347
254 336
97 352
69 290
270 280
108 218
27 293
52 57
296 454
55 247
435 468
22 70
388 393
66 342
195 227
200 342
272 447
310 473
117 344
10 181
73 237
344 471
108 231
168 245
140 412
214 361
277 417
120 470
73 129
174 181
210 363
177 186
223 302
188 237
91 304
163 409
402 425
121 412
66 476
112 363
73 371
202 256
67 297
67 68
77 261
295 420
162 305
0 243
186 433
54 479
128 428
35 200
343 353
86 431
320 369
265 433
213 243
278 372
383 425
80 387
93 326
79 428
165 202
104 192
68 269
155 423
100 487
315 375
232 377
456 499
192 426
32 208
257 326
255 482
12 495
342 370
259 372
364 388
14 275
25 141
192 318
338 372
197 396
269 272
255 374
153 326
34 146
254 378
180 200
345 496
27 106
25 33
178 275
131 163
169 455
296 496
7 393
172 460
37 272
111 221
143 173
96 327
60 404
127 165
132 280
178 396
2 170
84 209
122 235
31 53
377 461
96 219
182 222
228 338
44 288
140 225
203 281
411 459
323 346
161 284
106 348
106 119
229 455
96 340
261 407
335 356
159 396
66 168
203 402
103 464
263 453
189 238
82 112
240 469
6 302
312 345
119 179
243 474
297 451
22 246
112 405
29 407
1 308
68 69
279 289
12 174
283 408
107 182
24 413
244 416
404 405
230 289
174 357
12 295
86 244
91 359
256 426
75 122
61 187
135 136
214 429
230 410
128 362
288 351
18 490
86 365
75 243
295 475
299 365
1 442
255 295
260 373
339 437
140 493
107 316
258 485
51 384
158 254
93 273
46 427
109 483
90 204
26 219
34 309
172 273
39 158
56 327
357 440
255 429
331 387
85 102
236 271
141 448
171 327
83 443
446 495
138 150
69 279
261 449
194 395
132 456
27 174
250 448
76 295
221 390
243 408
421 451
85 236
71 338
372 451
163 277
15 298
142 339
268 478
323 414
1 134
119 355
298 357
77 358
58 116
383 401
80 134
121 172
2 480
184 228
115 357
189 306
188 347
119 247
298 478
265 301
36 478
196 467
163 290
47 78
186 422
216 301
348 420
21 62
72 256
325 473
22 435
0 124
167 301
244 484
32 76
142 473
279 478
130 355
52 435
93 436
244 376
197 264
147 443
389 471
306 436
135 325
148 264
5 215
13 76
63 422
151 269
197 385
417 425
95 374
114 387
394 441
34 135
70 317
27 95
12 497
180 310
424 441
88 492
129 264
239 395
104 207
150 323
62 210
139 164
56 395
312 321
212 383
124 270
275 439
192 441
250 382
208 385
48 167
254 272
345 390
78 275
23 339
372 493
386 391
36 49
242 383
186 222
43 173
101 114
142 152
180 444
254 393
92 331
18 116
110 119
182 224
154 391
175 450
249 399
240 350
205 329
45 111
196 280
55 304
127 409
256 294
149 168
209 219
302 410
173 296
219 412
217 339
84 453
337 404
334 335
138 460
191 286
91 119
291 409
46 53
84 345
304 348
207 415
174 238
94 474
209 461
401 402
112 299
320 413
339 426
58 184
89 251
75 353
130 289
61 189
98 485
165 246
73 428
353 482
306 370
327 429
98 377
137 305
89 264
234 359
165 259
151 324
417 480
95 429
292 485
336 491
9 133
234 251
60 327
35 270
40 385
204 493
278 442
78 88
19 447
63 490
178 440
117 201
29 88
227 332
414 424
157 273
284 314
96 263
173 217
16 270
43 107
48 222
208 211
34 324
166 214
17 91
113 324
421 440
233 389
90 340
291 330
310 343
103 279
120 219
106 284
243 289
289 405
55 238
27 405
44 345
258 274
323 403
235 290
276 328
133 279
212 343
358 397
66 225
45 58
191 341
3 61
145 410
286 349
65 121
189 416
170 174
161 354
469 470
1 136
128 177
73 241
105 459
339 360
297 400
401 457
33 61
225 231
155 172
210 367
89 306
75 179
135 193
176 231
10 427
63 290
290 481
288 408
40 306
67 180
339 373
149 249
176 352
234 293
24 483
101 437
183 247
95 363
169 312
114 376
86 314
281 489
314 437
162 309
107 373
368 414
299 314
371 419
137 252
390 432
95 255
40 319
246 424
2 148
320 494
39 215
135 448
176 486
11 89
67 435
48 156
433 492
231 277
14 279
41 153
118 336
44 158
85 159
145 210
419 449
330 377
294 454
187 328
261 277
192 443
200 267
7 397
29 156
106 339
59 264
187 449
335 347
71 274
117 390
136 403
115 280
161 167
106 231
152 347
96 452
22 237
13 454
16 459
186 345
230 388
106 352
163 334
237 283
27 473
75 221
186 466
84 226
170 229
263 457
399 466
110 363
314 358
374 409
272 398
46 55
67 114
86 127
22 371
52 250
225 407
255 286
193 374
86 248
172 251
58 415
77 428
130 291
61 420
223 253
93 372
46 68
18 494
12 191
53 192
191 422
287 359
292 474
130 412
28 135
74 251
220 305
165 369
299 369
257 372
16 17
21 361
26 210
213 302
89 495
259 418
56 318
130 304
317 359
83 192
382 488
0 194
44 200
269 318
375 485
12 433
48 90
39 41
4 20
162 377
69 149
303 316
165 382
342 429
280 490
16 380
439 483
48 332
6 106
284 316
50 149
160 280
384 439
103 160
34 326
342 442
78 332
4 154
45 155
105 206
243 399
303 450
377 399
11 278
224 278
91 163
22 292
76 299
203 340
122 415
208 455
276 330
237 338
94 289
261 466
300 394
120 463
276 451
155 161
17 456
91 405
251 394
58 228
3 63
283 346
140 297
38 286
5 72
203 353
115 240
235 305
67 169
214 367
211 298
230 348
114 136
320 470
265 305
58 241
116 182
88 349
167 413
293 488
100 359
45 423
72 260
107 483
299 424
445 478
260 432
26 265
177 434
204 308
65 378
10 442
269 373
141 373
246 426
361 376
199 314
452 494
171 252
157 317
262 370
74 319
234 308
65 499
225 488
486 492
145 199
90 263
137 496
118 217
164 333
90 155
131 156
264 456
64 102
22 105
356 395
400 438
138 209
182 215
8 99
13 443
57 220
20 338
240 341
367 382
270 449
17 40
215 284
159 389
167 213
1 180
133 336
97 413
224 454
12 46
196 392
256 406
127 292
272 387
103 349
268 416
307 344
108 400
256 298
242 400
283 401
184 395
274 288
205 454
380 455
316 470
33 347
74 119
186 360
290 417
216 239
202 304
155 229
193 484
251 462
311 476
75 236
176 288
195 301
88 175
79 355
10 255
63 118
101 373
362 414
128 247
422 465
339 430
17 416
163 470
223 484
204 242
322 463
47 258
253 363
299 479
5 32
271 417
417 471
274 422
348 371
155 242
72 436
306 374
190 428
223 376
28 366
322 355
148 202
183 425
255 301
62 135
361 431
70 255
9 245
102 436
148 323
211 379
197 444
26 333
359 479
20 30
37 199
116 492
391 431
160 269
123 387
305 364
145 146
282 380
180 369
70 497
132 328
145 267
310 334
134 374
20 272
6 337
212 213
289 396
215 218
71 210
122 404
254 331
166 447
92 269
147 168
4 156
224 388
358 388
44 457
351 385
103 283
1 235
1 6
54 98
331 406
302 348
112 224
340 347
325 453
22 415
75 278
149 227
209 278
101 415
119 240
298 471
191 345
91 407
210 358
450 461
320 351
191 237
70 176
10 310
376 404
7 12
3 307
457 477
350 351
74 187
327 367
274 477
149 482
171 241
47 434
28 192
24 487
192 300
417 418
150 303
301 472
26 267
53 141
56 375
250 362
475 480
26 388
34 249
204 431
9 421
14 270
19 385
206 211
145 201
57 88
153 321
37 375
479 491
330 368
96 201
27 330
29 147
213 493
108 147
154 263
219 392
81 458
254 386
419 453
298 392
331 340
434 438
11 106
38 209
112 158
134 442
29 160
304 328
328 456
1 61
196 273
8 451
127 402
214 290
305 445
120 399
4 453
196 394
140 462
319 464
38 451
93 121
258 454
84 338
290 406
395 459
64 359
80 303
33 228
43 421
170 233
156 298
290 298
21 110
147 249
188 287
224 469
79 236
156 419
54 179
389 398
174 244
191 413
53 183
251 464
366 414
56 188
89 136
262 293
281 306
98 370
51 258
211 247
7 188
34 62
295 362
336 363
107 311
239 430
373 430
137 190
183 306
389 411
48 81
204 365
4 11
171 188
33 483
74 255
454 476
5 384
13 245
49 427
252 261
343 416
296 304
67 481
364 438
28 260
143 210
49 319
398 436
114 448
120 199
254 428
37 201
116 494
4 24
138 253
148 446
146 373
321 374
426 427
219 326
2 328
296 317
67 494
144 448
6 218
240 385
4 145
243 390
229 492
146 494
321 495
30 282
38 143
153 389
92 379
73 100
111 392
133 151
289 398
57 277
2 341
217 266
310 457
106 169
18 56
224 390
64 172
196 328
22 175
168 229
159 446
24 221
249 339
54 100
133 393
97 470
256 463
330 449
84 393
1 129
105 452
86 173
94 293
293 358
246 283
72 130
42 224
107 353
332 471
170 409
137 232
119 363
172 189
158 291
116 294
61 358
28 181
401 463
179 350
239 364
211 302
77 487
9 60
74 189
79 304
10 433
82 309
123 310
70 420
181 436
32 313
49 482
211 315
384 472
95 369
76 90
117 128
34 130
347 361
2 33
92 192
117 141
34 372
37 377
111 326
4 200
42 492
23 213
9 315
41 496
289 332
55 165
8 90
118 450
159 488
219 273
103 327
268 394
92 434
4 92
41 388
8 211
25 380
71 496
419 455
243 458
270 332
113 385
228 335
30 350
219 286
310 404
48 404
175 445
268 407
6 407
386 399
3 109
305 447
63 96
221 453
119 176
64 240
191 281
298 407
17 165
33 109
249 407
147 359
158 225
94 469
448 472
158 346
397 399
93 136
285 306
216 472
188 410
40 246
26 311
306 365
107 421
0 295
24 423
169 252
274 305
361 422
125 182
226 234
74 136
13 126
238 473
347 416
56 432
171 419
9 128
88 421
160 260
368 475
46 424
65 437
178 314
16 23
7 203
157 376
247 306
145 258
178 206
7 324
375 491
461 494
34 198
83 319
96 258
201 311
8 145
352 443
305 368
150 494
263 371
227 448
78 325
243 392
14 340
17 86
60 456
30 284
2 222
240 279
138 497
331 397
55 462
96 271
242 325
352 456
57 279
87 158
23 402
243 405
191 215
270 279
22 177
11 284
420 452
217 389
337 454
194 405
31 118
91 169
209 390
61 226
11 405
38 279
101 298
427 468
193 301
31 239
402 411
135 296
214 360
52 298
0 108
126 247
184 454
244 468
73 357
40 180
353 411
295 406
47 304
214 481
253 409
186 419
189 424
389 455
119 365
67 175
210 483
22 432
171 232
165 417
51 86
403 474
169 307
301 463
218 428
56 137
61 481
33 419
160 194
46 358
192 412
137 247
2 22
213 242
158 306
70 422
116 309
123 433
95 371
81 207
111 315
56 379
336 433
440 490
151 387
219 262
2 264
76 213
287 433
180 307
308 492
215 264
60 390
27 213
206 444
173 267
38 79
29 259
17 141
143 280
203 267
208 382
194 447
309 434
120 269
254 498
185 398
85 167
24 157
15 108
152 342
224 447
215 398
297 437
434 442
235 461
216 219
309 447
367 388
174 222
265 340
297 329
75 216
242 393
388 447
140 345
304 453
307 458
59 393
40 114
45 229
17 396
63 219
128 348
133 463
45 350
47 130
33 232
184 401
258 350
211 238
142 404
128 240
255 281
155 343
80 428
181 480
181 251
376 463
417 464
21 235
274 415
375 467
408 415
171 179
47 372
0 297
253 477
49 189
466 477
273 311
317 354
165 485
44 195
82 487
30 31
417 477
269 313
35 146
169 375
315 429
81 262
34 187
20 252
144 318
6 88
171 421
9 130
113 187
118 265
431 496
236 257
62 141
37 313
424 493
231 327
117 198
136 211
227 329
254 432
414 421
106 268
39 278
432 438
330 427
454 493
261 327
25 87
30 165
236 270
84 142
488 491
4 149
229 496
303 445
120 445
78 448
251 376
270 389
154 214
195 215
140 279
393 496
186 395
207 454
40 48
284 445
339 344
195 336
121 158
420 454
2 466
161 230
147 295
334 387
45 284
265 287
256 467
140 292
244 349
49 110
21 48
193 303
320 344
158 282
190 234
80 362
267 454
225 228
235 421
26 247
353 413
457 470
176 228
214 483
28 64
112 472
198 475
313 462
244 362
32 183
211 414
109 174
172 193
20 65
77 370
9 172
47 427
382 417
285 484
137 357
142 472
68 257
362 475
81 196
89 316
102 255
415 486
327 373
151 376
159 237
269 368
255 470
452 489
151 268
137 370
257 435
361 492
39 212
364 497
37 139
171 368
97 153
138 191
317 422
46 373
192 427
172 448
20 320
139 271
45 84
243 328
55 277
71 258
76 336
296 376
120 379
460 484
243 449
96 436
233 441
200 264
203 269
103 331
309 436
6 398
73 159
185 400
284 379
17 35
140 334
103 452
43 172
84 210
282 454
326 497
188 267
64 460
108 274
223 224
24 280
411 460
309 449
18 465
3 342
209 447
94 231
121 334
52 234
318 390
323 468
101 355
133 344
31 296
177 350
94 352
198 409
142 285
155 224
191 406
130 396
22 368
204 345
387 466
255 283
45 473
37 60
116 124
33 355
239 423
192 348
49 299
169 364
7 73
172 369
246 355
162 361
181 374
151 431
257 369
213 299
218 377
166 187
181 495
46 307
151 323
178 197
30 33
250 302
458 480
208 305
391 426
233 254
252 267
90 205
35 269
328 491
447 479
185 213
64 152
229 485
160 385
379 429
249 319
161 206
414 423
152 386
9 374
317 490
432 440
129 439
196 200
275 493
289 391
24 93
43 106
92 264
256 335
38 149
217 380
24 214
152 399
100 209
205 262
50 388
289 404
94 165
47 53
142 327
59 329
89 171
33 276
57 404
98 405
43 469
392 394
63 155
110 415
66 345
142 340
169 177
119 356
61 351
107 467
43 482
51 77
128 297
260 416
334 402
311 418
223 305
281 475
14 131
93 195
137 238
188 469
7 128
191 474
347 462
369 480
102 136
192 295
123 195
40 426
53 365
70 305
144 254
190 370
41 247
197 265
255 472
169 432
241 308
172 437
218 324
259 362
171 249
201 357
247 473
266 486
44 144
103 199
134 303
301 480
185 497
18 91
9 308
124 258
0 488
330 363
247 365
250 370
296 486
134 424
39 335
41 381
159 373
30 451
305 427
324 440
326 486
160 453
38 204
291 384
236 448
2 281
1 285
6 400
18 225
59 263
105 150
270 446
261 397
219 400
346 441
84 441
304 444
230 266
100 156
52 115
272 384
137 159
101 236
202 288
207 403
367 392
193 468
366 396
70 105
130 156
149 169
429 452
21 105
293 298
292 339
58 172
144 175
256 416
223 239
295 344
214 419
93 129
65 296
82 465
137 172
271 401
133 467
12 406
75 462
149 411
56 183
204 347
121 349
74 237
79 352
239 304
82 357
95 296
45 475
301 401
72 312
259 404
204 468
19 422
98 486
63 236
417 468
40 481
21 239
7 304
81 253
389 406
218 258
111 132
28 134
146 355
220 304
211 484
236 248
260 376
245 482
229 245
165 489
151 325
29 76
199 487
39 269
111 374
160 266
99 256
233 256
11 143
269 438
57 259
117 310
263 364
103 146
20 377
139 328
6 213
23 382
331 498
105 192
363 487
99 377
132 325
104 492
76 164
282 498
15 154
221 259
413 429
91 149
476 485
27 393
173 218
222 339
20 390
344 450
200 442
11 277
186 278
318 434
10 52
249 334
235 399
124 339
265 278
91 162
311 394
214 232
267 324
179 211
304 391
249 455
142 329
119 345
242 452
149 224
302 466
24 458
332 345
63 157
230 334
82 170
235 412
1 245
362 453
36 468
107 119
253 402
332 466
65 351
371 394
260 297
204 402
190 238
47 189
360 420
21 173
119 479
190 359
80 487
201 225
387 415
151 367
49 356
54 471
257 305
202 369
7 359
342 349
213 235
204 415
61 366
267 471
280 410
44 133
384 467
16 71
231 373
412 421
90 370
71 128
123 318
150 421
136 257
199 313
56 493
64 88
201 359
294 321
321 424
324 429
21 428
29 252
48 265
194 319
125 485
6 268
400 424
171 372
69 324
437 491
99 203
370 437
175 198
166 378
50 432
289 448
324 442
103 443
15 101
18 335
133 322
12 32
163 201
117 499
29 386
115 389
142 263
325 384
59 386
163 443
163 214
214 408
52 117
277 464
101 467
436 457
307 343
334 446
110 472
22 359
61 287
28 110
52 238
109 220
125 164
61 179
52 359
299 465
54 405
12 408
89 362
116 236
369 416
322 341
147 488
100 413
301 403
278 419
185 191
129 296
19 424
0 182
93 373
179 413
46 298
192 352
32 134
49 303
197 201
264 376
262 303
234 470
454 473
2 83
81 376
227 430
34 301
157 371
83 193
143 207
229 247
151 327
477 497
370 371
48 320
268 323
125 311
400 479
56 440
4 250
129 430
96 253
333 425
208 430
342 430
180 368
254 317
185 446
212 320
124 207
303 438
17 81
55 336
8 261
219 444
38 140
29 320
34 435
122 282
142 197
309 374
18 161
110 164
349 446
11 158
38 261
2 338
43 339
263 379
122 403
309 495
207 447
240 395
210 223
25 443
300 382
318 436
31 342
196 446
3 280
311 396
11 400
186 401
235 293
59 333
45 398
339 350
130 213
61 113
300 395
200 457
198 347
165 170
15 411
95 111
279 457
177 409
195 463
176 221
88 337
112 465
10 417
51 189
137 229
123 294
213 224
171 227
80 368
83 114
179 347
192 286
16 60
39 192
162 299
308 353
74 186
90 130
47 433
321 413
150 302
53 369
42 476
190 374
262 479
336 428
113 356
357 487
255 476
231 267
143 154
148 498
247 477
467 480
66 136
117 367
7 495
43 152
84 190
227 498
23 439
358 429
377 442
44 498
164 334
29 375
185 393
331 447
45 90
110 219
76 342
29 496
103 445
106 450
106 221
105 262
124 275
91 98
311 330
297 432
127 280
27 342
200 499
126 284
43 286
411 453
18 229
223 338
149 160
121 327
203 396
230 499
106 463
298 404
191 278
177 343
144 166
89 230
168 294
374 399
93 120
258 453
277 466
15 466
271 392
1 302
114 179
3 348
278 287
283 402
198 294
10 243
82 348
343 389
114 300
7 174
45 466
265 469
34 48
158 343
177 356
237 407
88 284
14 69
234 338
74 120
299 467
16 115
128 356
48 67
199 236
89 364
149 415
56 187
150 236
2 72
213 292
125 408
273 306
218 370
226 231
55 83
179 415
294 365
239 429
354 416
252 368
338 408
357 421
35 370
40 485
169 370
240 250
419 481
190 429
336 483
9 125
470 483
349 422
46 421
473 488
247 411
233 247
178 311
305 352
122 150
53 316
106 142
212 309
41 427
215 314
146 480
206 494
132 316
99 139
178 432
21 485
29 80
15 145
180 478
6 325
18 150
74 496
96 255
13 486
131 212
217 252
351 481
263 368
194 497
194 268
143 451
99 381
398 448
413 433
270 384
416 438
182 271
168 336
291 443
365 392
84 379
29 443
103 392
263 381
277 279
119 336
168 228
286 449
19 105
98 169
423 454
142 212
54 328
340 456
381 457
147 290
75 387
75 158
355 441
258 279
10 177
216 282
147 411
307 400
40 56
383 395
135 293
68 239
95 113
70 285
42 223
176 452
195 465
220 229
239 242
5 75
73 475
172 188
199 291
350 460
179 349
252 302
164 189
40 419
260 422
375 409
394 422
72 371
144 476
125 234
32 420
250 350
7 363
287 417
190 484
364 371
41 361
146 414
5 438
90 253
95 368
141 484
134 296
20 194
92 299
116 427
9 301
28 314
215 369
289 318
60 266
239 497
242 243
27 89
351 415
136 261
356 493
139 495
194 202
433 484
36 259
145 431
269 497
131 267
122 447
342 487
96 431
330 369
261 498
296 492
23 333
119 270
17 30
163 313
3 95
66 151
112 267
103 447
147 224
119 391
224 444
91 329
182 447
163 205
38 439
455 498
334 437
214 291
33 216
19 52
10 232
288 442
221 452
422 442
70 219
311 345
402 463
168 296
376 447
394 464
264 354
295 458
41 53
387 461
348 469
153 230
339 420
89 245
295 350
107 299
19 415
40 474
114 423
227 300
42 291
28 356
33 471
470 472
14 192
93 485
253 474
129 179
113 171
225 412
132 184
211 477
51 259
412 467
141 418
134 230
125 181
146 469
233 357
178 421
11 15
125 302
111 367
391 421
410 434
349 424
384 418
76 265
208 421
172 498
125 423
185 437
226 475
226 246
143 440
41 200
38 131
222 440
194 378
419 496
432 435
91 142
435 440
305 367
217 254
310 445
29 432
194 499
328 499
226 488
358 378
91 263
344 443
407 499
200 206
2 450
79 145
184 198
230 314
340 445
207 330
138 496
312 383
36 219
297 489
397 427
168 338
228 389
156 220
268 461
279 327
344 456
209 268
80 346
200 448
286 451
189 289
142 214
78 458
246 271
77 462
112 456
244 346
390 400
119 351
260 290
301 328
72 239
130 446
283 459
181 182
0 107
401 451
142 456
109 279
95 344
438 454
204 287
457 467
14 126
327 357
220 231
271 462
183 349
155 287
408 467
246 405
53 239
20 62
102 131
32 301
25 113
287 298
199 414
144 478
6 19
438 467
78 124
0 470
308 357
354 473
32 422
285 373
34 239
157 309
143 374
108 124
132 481
206 430
352 484
285 494
426 470
282 425
106 199
69 317
50 75
215 371
412 427
62 314
103 315
120 255
20 317
1 38
113 252
333 484
44 381
104 432
112 256
76 333
208 489
59 137
100 138
312 317
119 151
64 215
418 484
96 433
75 81
228 323
379 492
310 392
105 374
177 213
22 339
214 280
167 205
103 449
216 326
276 377
279 382
91 331
110 344
392 444
10 113
86 108
31 172
397 495
88 154
267 385
0 41
46 157
362 393
81 114
119 406
320 396
58 396
237 398
182 462
56 57
33 339
181 237
32 114
329 337
116 229
371 455
130 285
14 302
0 404
13 114
156 422
104 232
257 474
164 246
92 114
97 192
308 412
165 363
211 479
431 482
109 468
144 425
113 294
44 194
57 133
442 469
111 369
148 436
85 87
263 359
37 312
331 493
157 377
465 493
275 369
184 187
194 380
207 319
97 447
133 141
110 157
416 429
25 315
453 496
164 393
120 323
166 439
205 367
64 162
210 216
99 385
200 437
38 146
318 429
119 219
94 391
168 340
214 456
85 342
179 206
346 383
65 104
101 286
114 225
147 173
121 157
360 402
203 455
115 342
211 279
100 448
295 394
167 394
286 345
390 402
1 361
68 122
174 289
246 394
347 446
259 333
204 397
171 220
176 335
262 338
102 120
33 286
34 107
144 238
61 469
396 459
234 397
19 243
104 287
123 300
128 415
95 238
389 456
172 192
129 236
13 61
255 348
136 360
26 488
81 195
58 477
273 365
97 139
143 255
0 472
437 473
234 410
192 413
252 427
310 368
296 470
351 406
34 470
208 357
39 319
70 423
245 424
212 247
231 260
363 416
146 418
266 483
25 128
49 485
90 486
131 258
425 476
236 311
377 435
270 309
132 375
112 137
161 258
303 378
22 99
44 383
38 80
194 327
188 253
12 27
17 142
55 397
30 340
10 102
82 207
386 389
105 376
45 96
31 161
272 489
79 94
65 159
98 107
142 379
133 330
100 153
31 282
22 233
149 274
318 497
189 346
304 333
376 438
68 285
183 272
95 159
174 223
223 344
10 465
63 99
49 164
260 347
320 398
172 234
116 339
61 174
140 467
336 342
0 164
79 457
146 218
46 280
239 409
266 283
285 296
73 413
193 478
218 242
37 167
264 358
102 296
410 412
371 457
40 357
62 116
34 283
56 301
37 59
264 479
129 291
148 304
132 296
44 183
169 363
72 430
138 232
102 309
14 425
55 197
151 430
159 291
285 430
178 304
269 422
169 484
76 256
26 435
53 309
306 489
23 366
162 481
129 304
382 484
113 296
233 361
44 196
123 489
252 374
296 417
180 471
23 258
4 16
19 391
14 438
148 438
247 417
321 366
71 420
24 79
328 490
92 479
6 210
23 379
9 481
284 420
96 369
242 423
335 385
118 387
300 364
305 479
236 379
240 498
210 326
91 146
110 159
316 493
184 310
175 490
175 261
6 452
193 278
209 259
99 387
85 452
43 226
15 393
54 92
188 321
205 490
193 399
17 439
91 388
346 385
12 216
149 450
267 442
167 275
464 498
95 106
100 450
274 337
334 388
3 288
179 221
332 463
51 184
128 404
169 176
21 49
389 445
246 396
232 461
172 181
199 284
3 409
135 299
146 165
104 168
362 463
162 294
415 474
0 232
20 66
157 300
239 369
354 356
51 318
104 181
117 120
34 351
20 187
199 418
262 474
160 426
398 483
2 254
310 370
263 295
175 182
72 498
139 259
125 361
37 248
171 477
105 123
5 444
250 477
38 69
92 305
78 370
50 308
27 324
29 370
48 383
134 423
15 206
120 259
474 491
212 491
129 493
346 427
2 388
131 273
425 491
208 493
428 496
20 442
276 368
209 314
167 317
323 335
54 147
279 494
45 327
58 266
70 91
94 219
355 489
88 145
33 209
38 324
170 443
63 88
142 381
323 456
450 497
68 166
33 330
74 102
253 333
98 459
225 271
170 335
155 212
86 341
480 497
86 112
295 451
327 403
10 238
1 418
21 333
95 282
306 465
144 174
65 295
206 234
137 400
118 121
285 298
260 470
218 473
199 231
366 408
89 359
75 461
9 107
93 249
13 226
269 411
384 398
48 183
342 401
254 288
363 460
180 231
273 422
70 359
185 309
97 196
83 298
160 252
44 306
118 255
250 411
37 303
166 188
138 355
465 484
102 432
229 473
129 306
159 414
252 376
238 478
2 201
43 202
81 494
15 140
111 373
59 183
105 299
261 317
134 478
147 151
50 484
191 194
94 261
214 326
66 199
57 379
2 443
236 381
103 495
203 204
337 433
289 392
108 317
154 204
300 487
258 261
203 325
142 315
106 392
205 371
77 334
3 156
388 492
66 212
142 436
1 460
82 156
54 323
163 495
195 447
267 323
126 347
51 173
183 329
68 113
188 444
202 342
40 280
301 321
22 411
278 337
107 226
299 396
151 232
16 44
86 288
49 342
73 470
7 116
232 463
37 224
149 465
223 414
181 417
275 281
5 420
239 358
100 465
122 187
227 240
20 176
317 399
354 466
357 471
16 178
2 243
136 243
273 477
111 415
171 466
129 240
385 425
141 479
342 469
39 431
199 420
139 140
326 461
400 410
143 259
270 300
421 469
13 415
159 469
150 420
15 195
53 487
414 466
37 479
303 369
41 369
8 192
261 372
486 490
24 136
39 444
133 308
105 246
36 146
77 147
333 369
236 436
1 273
474 493
224 318
163 308
57 326
98 327
186 211
115 267
409 485
64 221
17 375
210 275
251 313
214 394
319 447
24 270
277 450
230 375
249 388
100 265
86 101
31 165
265 332
182 334
75 208
228 450
314 453
186 453
38 326
387 443
101 345
142 383
141 158
58 389
232 276
278 392
80 407
267 499
167 332
343 494
21 214
174 456
72 179
58 281
314 466
107 402
65 405
225 394
280 330
65 176
137 281
213 276
322 448
234 335
211 351
104 225
315 408
74 238
30 131
273 303
6 188
185 190
83 179
124 180
0 410
146 464
5 488
13 120
51 375
63 466
398 419
35 367
122 255
34 179
111 362
50 123
143 314
275 470
266 421
159 295
269 426
370 478
136 311
222 314
122 376
345 421
446 473
319 368
30 265
29 306
10 27
249 309
240 260
270 368
215 432
22 266
8 368
11 373
145 373
43 96
312 486
228 492
302 441
305 483
2 445
222 448
224 494
119 212
17 430
191 317
36 443
200 322
79 261
276 317
86 156
124 448
121 379
195 328
107 215
346 497
147 287
36 456
130 320
75 384
61 220
368 377
271 444
218 288
223 403
190 226
162 393
281 344
88 215
146 156
183 223
255 328
158 395
125 218
37 105
56 118
253 403
10 416
7 347
40 295
227 350
301 336
39 70
171 226
28 177
69 178
201 334
445 465
16 59
58 470
37 347
138 170
262 465
336 414
69 299
93 427
172 427
226 404
37 239
171 468
23 304
9 406
14 484
173 248
35 314
103 189
361 484
144 486
358 415
437 479
481 485
118 433
159 471
35 435
15 197
111 430
224 307
14 497
261 374
99 312
120 371
106 436
166 487
4 196
105 248
421 484
140 205
43 272
309 428
312 433
45 318
119 267
298 498
237 259
98 100
399 442
77 391
242 495
15 452
101 226
95 152
251 436
204 324
223 337
283 388
228 452
355 493
79 329
387 445
46 152
82 334
68 170
246 442
237 393
204 216
295 334
65 286
32 109
16 101
183 278
12 396
172 348
347 386
58 283
56 173
107 404
129 163
5 356
151 181
49 399
343 388
67 224
320 404
364 410
102 181
396 399
99 112
169 356
306 361
317 456
391 405
69 125
41 292
27 128
226 459
83 410
465 475
96 120
159 405
123 482
197 431
103 244
315 423
461 477
97 200
148 431
32 485
352 426
71 184
7 428
136 313
153 482
180 356
45 131
224 362
209 239
25 418
154 303
324 485
277 373
310 321
180 477
328 375
4 480
18 149
4 251
224 483
157 493
331 380
358 483
160 498
242 308
335 499
94 144
15 265
207 435
243 388
11 267
186 268
43 448
189 273
1 222
72 102
77 217
416 437
316 499
476 488
168 335
478 497
87 383
276 319
40 42
86 158
237 327
253 271
1 464
232 333
292 384
58 217
204 271
47 58
244 343
197 231
128 397
67 158
232 454
20 46
3 402
39 59
80 356
181 408
382 398
41 105
239 349
211 287
202 467
315 344
375 395
396 454
165 292
159 218
81 298
56 470
83 344
107 472
129 231
280 400
384 457
21 405
444 471
157 185
69 72
27 304
13 406
32 419
393 398
296 465
39 314
6 137
4 64
102 370
14 486
105 116
349 476
160 311
22 81
118 314
145 188
269 483
310 484
324 419
43 140
227 486
83 478
110 315
96 188
200 245
106 317
133 191
85 150
409 476
73 261
240 438
23 440
12 22
399 431
77 151
261 497
302 498
173 384
244 264
18 446
59 484
207 382
12 143
58 259
75 199
388 430
333 494
214 277
112 266
198 269
184 371
43 395
203 384
221 438
64 454
141 149
144 154
38 438
126 285
93 108
188 382
121 328
74 216
10 460
197 286
147 465
45 454
163 446
292 331
89 231
223 460
61 398
274 398
81 232
9 100
148 407
308 396
60 65
155 339
7 175
278 409
336 350
281 414
55 71
220 404
165 468
280 455
206 240
375 463
227 299
37 175
308 409
8 117
473 476
192 463
173 184
241 355
103 125
361 420
405 463
32 366
103 246
309 351
161 187
9 355
317 471
284 294
35 492
208 420
6 434
312 477
97 323
69 490
124 197
297 354
44 433
11 256
291 310
29 310
282 490
337 426
55 447
27 385
300 480
195 198
233 490
30 390
71 428
112 200
312 490
318 426
1 453
18 393
174 381
61 211
28 34
93 163
304 383
183 322
260 276
325 442
471 496
89 165
75 267
137 327
156 340
34 91
415 456
19 227
35 171
348 402
86 402
287 392
172 176
70 394
162 397
68 469
62 166
278 464
190 351
138 161
88 340
19 469
41 228
201 217
109 399
164 298
21 286
29 110
48 123
306 418
130 458
171 459
5 426
151 480
173 239
123 418
444 473
194 298
148 367
201 459
187 295
310 365
136 249
139 254
212 473
410 488
25 354
154 239
208 475
227 488
460 467
59 123
298 368
303 483
261 486
242 244
13 421
11 311
219 489
57 427
291 365
230 355
120 483
3 83
8 427
154 481
346 422
43 384
425 486
216 312
243 445
31 37
196 370
57 440
40 207
100 258
193 449
353 438
105 373
50 437
193 220
91 209
137 261
276 376
100 379
246 433
190 272
290 395
394 452
33 217
220 272
285 401
123 339
95 277
241 331
232 282
273 283
383 451
41 162
65 290
192 331
156 408
338 385
257 460
12 400
227 288
177 467
130 392
218 239
259 277
9 331
102 293
14 180
192 223
103 114
141 406
39 358
424 465
25 167
16 347
164 245
117 170
48 299
111 355
6 73
171 406
116 470
9 344
349 412
104 352
11 124
431 481
111 476
226 463
152 248
317 352
8 240
228 243
173 307
118 371
178 422
131 310
296 414
120 417
249 302
139 430
273 430
212 420
119 192
41 309
302 313
252 492
219 315
112 189
57 253
122 382
323 372
235 259
87 132
59 299
78 312
64 377
50 479
270 482
303 430
96 366
206 497
173 320
62 489
20 492
101 151
80 213
195 200
71 430
186 380
291 433
6 449
133 490
130 192
209 485
360 388
38 374
79 146
32 34
464 482
271 316
209 377
116 149
314 393
214 455
371 375
320 329
75 269
32 47
51 60
343 434
315 335
334 385
31 347
158 388
42 442
37 98
295 393
74 165
306 407
28 170
181 412
60 351
46 453
93 299
146 162
5 186
183 458
169 294
26 474
301 450
254 338
185 238
317 394
294 410
132 348
178 464
159 222
30 71
16 173
35 415
150 402
114 479
328 408
39 305
70 409
452 474
284 338
14 477
197 369
269 474
125 466
326 456
105 228
16 415
150 415
20 305
349 480
76 321
29 246
180 415
39 439
59 125
91 306
17 128
55 383
110 319
173 375
18 208
210 378
344 378
77 263
108 367
256 265
286 373
59 367
119 381
265 435
31 268
191 257
380 422
75 82
168 273
61 147
84 316
230 370
51 102
147 335
119 273
177 214
22 340
244 389
68 163
288 432
381 394
89 222
176 376
80 402
484 492
140 453
107 276
14 48
225 497
10 343
290 397
12 389
394 454
480 494
162 333
93 233
86 459
26 179
135 351
14 61
0 163
165 459
280 446
165 230
40 464
174 464
29 46
139 177
116 459
245 344
211 467
25 48
49 405
136 293
29 167
134 220
153 233
405 454
97 301
317 341
241 467
254 406
139 190
231 422
14 424
129 411
349 414
154 175
333 406
44 303
11 126
169 483
217 231
15 245
39 373
124 417
64 137
335 371
194 368
161 191
419 486
59 180
358 476
203 309
304 361
101 261
268 438
4 365
23 378
105 417
224 368
430 473
173 322
401 415
346 479
2 440
43 441
277 379
43 212
422 474
54 78
196 427
173 443
346 371
21 22
188 199
26 100
210 446
89 156
190 208
61 94
5 162
65 213
390 498
40 156
67 259
86 272
135 393
295 382
88 318
327 334
156 223
274 444
141 329
260 280
158 269
177 282
223 398
383 387
281 339
0 326
382 391
5 175
144 455
42 444
28 280
195 457
234 385
5 296
156 465
271 452
21 277
114 468
260 293
213 447
72 471
213 218
92 157
322 390
148 237
239 355
225 457
95 347
2 119
136 348
141 463
317 396
50 52
132 350
178 466
16 404
30 73
67 406
240 297
243 302
50 173
410 479
113 458
132 471
154 230
85 130
78 127
17 117
349 361
38 176
136 482
139 487
309 410
328 423
111 425
69 428
50 186
41 366
62 425
282 428
428 482
276 354
59 356
185 495
18 89
344 488
270 310
8 310
316 426
118 441
140 200
131 380
291 369
332 370
115 143
106 323
279 480
312 428
432 493
110 442
344 380
11 436
112 488
145 436
0 18
291 490
19 31
323 442
101 329
45 434
77 386
443 480
271 373
290 386
21 198
59 490
246 316
251 431
94 447
168 396
295 437
162 322
387 440
19 44
51 225
63 87
274 499
422 434
181 227
192 322
34 150
347 381
378 448
144 281
369 399
281 286
74 222
151 176
81 346
67 219
53 284
72 297
58 399
218 351
28 456
162 456
322 445
181 469
336 343
55 64
239 410
187 220
25 158
169 351
81 238
72 418
125 281
92 104
14 184
148 413
60 300
99 228
48 182
361 413
139 300
39 362
96 115
385 477
30 249
29 61
153 356
199 472
166 295
157 475
41 300
99 241
117 295
175 236
328 478
235 250
59 290
449 475
94 247
175 357
97 437
205 236
330 416
27 378
113 418
319 486
453 486
24 309
122 386
115 198
249 427
309 478
307 368
367 419
4 367
78 316
22 384
182 373
94 260
302 438
195 312
140 376
131 327
318 419
464 473
235 384
119 209
31 325
413 427
93 156
478 492
68 99
207 443
348 382
67 140
108 437
181 390
167 492
214 338
60 100
63 142
114 336
61 217
135 166
88 91
267 322
19 220
73 456
202 341
389 433
241 269
53 218
19 341
165 166
299 395
26 236
153 277
56 344
135 408
0 220
55 119
5 298
354 452
27 57
32 401
137 454
68 354
183 341
32 293
385 411
241 403
7 236
301 454
15 60
213 341
226 280
42 459
50 54
129 347
289 299
96 170
252 417
112 114
34 460
53 473
139 247
6 132
243 304
229 406
330 458
187 409
25 347
219 361
122 428
34 352
139 368
340 358
345 473
358 412
36 361
270 299
187 301
333 355
140 189
200 240
16 419
379 471
131 369
14 494
270 420
344 369
187 422
99 309
407 425
167 184
203 366
249 253
166 484
240 433
307 423
237 364
182 199
316 428
44 494
38 420
318 474
207 377
17 482
168 385
19 33
79 84
469 498
73 498
155 308
100 372
191 490
191 261
223 442
297 428
47 216
214 393
267 485
318 487
373 386
306 332
72 165
70 92
264 335
280 316
65 162
63 318
285 394
1 406
288 436
21 321
155 321
241 324
81 106
380 439
383 444
148 281
234 321
280 437
35 111
169 340
62 214
174 455
394 458
125 270
259 270
116 450
42 272
336 453
162 337
280 329
371 447
257 345
136 284
72 299
181 471
0 396
93 358
220 399
146 450
252 351
158 460
148 415
96 225
234 455
289 354
90 181
2 297
310 413
328 467
226 456
152 241
317 345
5 487
178 415
62 469
81 482
282 472
208 294
17 174
335 483
323 365
386 421
138 356
50 472
446 472
270 475
261 426
126 201
79 126
117 418
323 486
249 308
240 488
207 311
224 480
119 198
127 318
75 128
228 370
200 308
346 362
115 429
288 357
124 434
464 475
10 39
101 386
156 322
188 311
141 199
177 381
126 335
5 45
189 391
137 201
156 214
73 445
40 268
293 448
334 486
7 91
45 383
301 309
75 491
149 440
283 440
401 432
21 147
40 160
334 378
213 317
383 499
80 461
234 376
63 494
257 279
269 333
26 346
28 392
41 102
165 397
299 397
213 330
20 164
37 104
9 271
74 400
19 464
104 279
114 472
141 346
96 280
385 413
426 451
85 121
30 185
90 236
164 185
150 287
62 403
134 279
208 228
92 282
259 459
23 411
59 105
303 465
96 172
440 470
32 416
25 228
352 357
95 472
117 231
96 293
8 180
71 236
217 290
120 357
428 473
166 473
138 411
210 250
251 288
77 135
242 468
272 347
29 360
34 475
161 250
59 239
97 494
224 306
251 409
17 242
77 256
416 476
228 425
173 489
219 376
98 315
103 430
115 255
243 440
79 194
244 261
395 430
73 379
193 215
246 307
149 374
283 374
66 376
276 371
362 374
260 326
325 492
149 495
190 267
484 485
28 205
0 143
225 490
211 326
82 212
123 213
216 441
362 495
67 318
86 331
79 328
165 331
431 450
109 436
202 398
155 323
153 213
172 226
199 329
364 396
350 498
121 446
79 449
354 388
137 390
357 393
67 331
86 344
39 232
92 95
68 411
7 172
227 404
282 340
180 329
218 355
23 116
363 450
16 342
35 355
180 450
125 285
372 391
317 455
391 404
69 353
154 168
131 184
153 468
268 418
194 240
1 74
92 229
9 460
243 361
449 466
108 173
187 237
324 471
38 114
117 407
57 127
43 192
37 414
196 407
36 189
16 476
98 249
29 186
122 377
235 254
307 359
152 485
226 471
205 348
430 466
22 375
242 415
25 417
38 356
79 128
203 423
175 361
87 477
381 429
18 377
334 354
196 420
223 257
300 477
200 310
286 313
411 493
207 434
293 437
312 487
12 195
314 496
126 445
170 488
381 442
383 488
121 259
46 85
65 98
82 267
290 445
68 332
260 273
209 493
176 316
401 434
41 91
24 447
165 386
65 219
192 260
51 284
109 491
35 47
153 268
19 224
368 378
354 443
211 394
49 332
114 461
389 437
67 386
148 459
234 499
113 209
123 402
255 329
153 281
97 120
69 287
275 392
192 394
44 230
145 282
81 297
326 330
331 408
261 349
233 287
11 174
30 187
145 174
117 341
7 469
122 190
194 295
273 359
303 467
41 467
27 303
335 419
421 459
11 66
34 464
414 456
37 469
23 305
224 295
69 421
131 252
208 472
64 427
105 236
210 252
25 472
200 244
309 416
18 432
413 473
50 421
228 427
140 314
38 303
131 494
184 357
43 381
24 139
406 433
230 244
210 494
3 201
311 317
75 77
295 309
272 362
277 440
10 325
392 427
82 201
381 497
45 319
86 91
31 155
47 99
126 392
167 430
5 102
46 140
1 397
443 486
176 371
33 322
162 207
179 376
258 440
151 277
63 201
306 336
58 271
259 261
56 161
264 339
33 443
14 164
52 456
46 382
32 218
178 272
202 400
255 263
129 272
132 277
122 232
336 457
285 411
208 393
56 295
9 449
212 283
405 449
9 220
162 462
29 283
199 465
359 454
138 455
224 229
391 406
229 344
27 358
99 234
208 406
323 356
194 242
6 191
226 460
78 296
245 473
25 177
131 307
236 360
29 296
337 412
20 476
66 299
90 427
331 489
124 425
243 376
36 312
96 363
283 418
316 366
42 63
302 431
200 420
57 371
186 256
318 412
230 299
10 30
216 364
119 431
292 359
22 269
80 210
286 315
174 259
119 323
251 479
325 428
177 264
116 254
190 203
28 141
167 256
184 425
63 135
101 390
81 152
193 393
246 485
279 433
320 434
177 385
70 259
311 385
75 374
176 197
355 428
327 329
49 321
376 487
389 426
100 323
12 439
75 495
223 393
209 495
83 90
88 434
341 385
244 452
371 493
32 44
16 36
7 216
320 447
130 323
226 260
317 378
336 391
415 455
148 340
206 281
151 345
32 165
153 162
306 404
20 47
42 331
46 450
206 402
426 442
123 404
68 468
145 163
90 227
62 394
315 345
18 58
116 401
212 338
69 289
421 448
187 281
333 335
145 284
16 170
29 109
309 392
240 292
133 166
28 409
124 346
231 243
215 235
269 471
277 295
122 192
428 464
106 184
92 286
99 410
66 233
112 120
57 184
131 133
84 287
115 125
120 469
87 292
328 418
111 420
413 462
45 66
215 477
110 195
108 351
330 464
333 469
90 482
112 241
291 472
258 295
48 485
20 423
188 236
105 467
224 418
298 367
256 370
57 426
230 354
194 431
73 370
381 486
77 260
149 365
374 483
88 126
1 386
216 311
100 136
86 201
209 308
0 134
15 442
137 139
123 204
109 306
417 422
274 373
334 424
67 80
232 376
177 440
80 278
167 432
244 386
51 220
288 429
40 327
169 212
125 142
259 371
149 499
80 399
179 378
487 494
60 161
373 392
123 217
109 319
158 440
218 225
148 395
74 217
146 322
151 171
104 325
269 392
21 327
150 212
246 445
37 42
322 440
113 266
13 99
227 287
172 351
110 116
8 105
11 110
2 61
287 459
55 301
321 457
337 401
356 414
34 400
20 236
372 395
377 473
91 116
8 347
94 121
6 422
73 183
138 349
85 193
131 309
76 373
291 298
103 476
277 363
105 293
91 129
297 463
131 430
332 420
203 306
133 476
307 363
205 352
50 478
124 427
22 379
168 433
11 486
286 425
401 412
189 492
156 315
339 436
316 489
94 376
74 138
142 309
395 489
91 492
176 307
19 323
179 312
65 210
40 382
119 446
293 333
278 439
204 261
190 326
248 267
14 100
308 318
183 323
81 275
31 454
378 498
111 154
350 436
74 272
46 439
202 457
315 334
158 387
111 275
190 339
201 205
206 283
118 170
252 399
150 159
81 288
273 458
452 460
493 498
321 391
266 455
159 329
252 291
153 285
59 98
83 226
215 345
159 450
291 340
95 465
310 353
29 111
120 229
9 398
303 350
215 237
113 455
8 173
112 230
310 474
136 358
337 348
18 302
212 353
124 240
344 472
196 345
22 192
228 297
80 133
219 477
200 235
78 245
66 356
57 307
198 246
84 410
189 426
54 238
119 367
140 197
33 71
198 367
222 495
404 472
101 205
256 493
108 366
283 367
61 254
140 318
47 90
286 372
272 474
0 15
131 498
406 437
5 93
299 311
202 378
64 444
210 498
223 437
193 450
91 439
177 442
56 152
225 375
271 491
183 378
26 394
141 152
213 257
77 396
223 450
190 273
47 224
148 276
