50 496 6
79 14
51 51
9 87
37 56
6 51
79 81
53 51
98 79
35 30
50 53
76 18
10 83
97 45
24 4
67 59
76 58
19 98
76 97
32 64
93 44
20 40
92 59
9 26
10 36
63 28
5 74
83 43
80 100
16 99
89 82
10 57
43 58
59 74
58 94
70 6
66 3
35 79
22 66
84 65
17 22
17 39
22 69
20 86
45 25
11 84
21 30
86 41
90 98
44 11
38 32
15 21
18 26
15 39
7 35
18 35
29 32
18 44
8 9
8 18
0 14
6 48
25 34
33 47
44 47
25 43
3 6
22 28
3 24
14 42
15 16
15 25
18 30
9 49
48 49
21 32
40 45
2 36
2 45
14 19
3 37
36 43
17 39
28 39
7 16
17 48
28 48
9 44
6 38
29 40
40 49
10 17
10 26
2 22
17 25
36 38
36 47
9 30
5 41
17 43
21 22
29 35
6 42
29 44
40 44
21 40
10 12
10 21
2 17
2 35
32 36
24 41
35 41
3 18
16 37
1 48
17 20
28 29
9 25
5 36
17 38
17 47
6 10
28 47
29 30
6 37
39 43
10 16
20 48
31 48
12 44
2 30
4 49
13 27
32 40
1 34
24 36
35 36
35 45
9 11
5 22
17 24
9 20
5 31
17 33
17 42
28 42
5 49
6 14
42 44
6 32
2 7
12 39
12 48
4 44
32 35
16 18
13 31
24 31
43 44
16 27
13 40
16 36
13 49
16 45
5 17
5 26
17 37
9 33
6 9
6 18
39 42
12 25
20 38
23 34
2 11
31 47
12 43
16 22
1 33
13 35
1 42
13 44
24 44
35 44
5 21
17 23
9 19
8 41
30 41
11 37
12 20
31 33
39 46
4 25
12 38
12 47
1 10
1 19
16 17
24 30
16 26
1 37
38 41
5 16
9 14
5 25
7 44
27 31
8 27
19 27
27 40
19 36
30 36
8 45
42 47
11 41
12 24
23 24
20 37
4 20
12 33
4 38
34 39
1 14
13 16
1 23
15 43
26 43
38 45
18 48
0 18
19 49
11 45
41 46
20 23
20 32
4 15
12 37
34 43
1 18
37 48
15 20
15 29
7 25
26 38
7 34
18 34
26 47
18 43
27 30
11 13
0 22
8 44
19 44
30 44
0 40
12 14
4 10
33 46
12 23
4 19
1 4
3 32
34 47
3 41
37 43
7 20
26 33
7 38
8 21
19 21
8 30
19 30
0 26
11 26
33 41
25 37
4 14
10 48
2 44
25 46
22 31
3 27
22 40
34 42
22 49
3 45
14 45
37 47
15 28
26 28
26 37
7 33
18 33
0 3
29 48
19 25
21 44
0 21
11 30
41 49
33 45
2 39
2 48
14 22
3 40
15 23
26 32
40 43
21 39
0 16
11 16
41 44
10 38
2 43
3 8
14 17
3 26
14 26
22 39
3 44
14 44
36 41
7 14
7 23
9 42
21 25
0 2
6 36
29 38
6 45
29 47
21 43
10 15
2 20
10 33
25 31
32 48
22 25
3 21
28 32
36 45
17 41
9 37
9 46
6 31
21 29
40 42
6 49
2 6
25 26
10 37
25 35
2 42
3 7
32 43
24 39
3 16
14 16
13 48
24 48
3 25
17 27
36 40
9 23
9 32
6 8
6 17
6 26
21 24
21 33
10 14
31 46
10 23
32 38
13 34
43 47
13 43
24 43
5 20
17 22
9 27
17 40
28 40
9 36
28 49
6 12
6 21
39 45
20 41
31 41
2 23
32 42
16 25
24 38
16 34
5 15
9 22
20 27
2 9
23 41
2 18
4 37
13 15
4 46
16 20
24 33
1 40
24 42
35 42
16 38
1 49
16 47
5 10
9 17
5 28
28 30
9 35
8 48
30 48
12 18
20 31
39 44
31 49
23 45
4 41
1 17
13 19
1 26
13 28
24 28
1 35
1 44
16 42
9 12
38 48
5 32
8 43
19 43
30 43
0 39
11 39
0 48
11 48
20 26
31 35
12 31
23 31
20 44
4 27
23 40
1 3
4 36
13 23
16 19
5 9
15 41
9 16
7 46
18 46
27 42
0 25
11 25
19 47
0 43
11 43
12 26
12 35
1 7
34 41
13 18
1 25
26 27
15 36
26 36
18 32
26 45
7 41
27 28
0 11
19 24
27 37
11 20
19 33
0 29
11 29
19 42
0 38
0 47
41 48
12 21
12 30
25 49
4 26
1 2
4 35
22 34
1 11
22 43
34 45
7 18
26 31
7 27
26 49
7 45
0 6
19 28
0 24
8 37
0 33
0 42
41 43
33 39
33 48
3 34
14 34
22 47
34 49
3 43
14 43
7 13
7 22
7 31
18 31
15 44
18 40
18 49
0 10
40 46
19 23
0 19
30 32
33 34
41 47
33 43
25 39
4 16
22 24
3 20
22 33
3 29
14 29
22 42
34 44
14 38
37 49
