100 1997 2
19 44
6 56
78 34
100 58
10 91
96 52
56 46
80 23
50 74
82 4
33 8
51 8
63 45
64 35
31 9
87 93
95 6
14 11
87 52
62 54
90 35
73 3
49 93
28 1
42 85
61 25
71 96
73 72
33 40
16 6
6 53
62 50
77 79
92 86
46 84
96 79
65 30
45 26
83 38
74 72
62 27
82 41
39 44
3 90
6 5
66 5
34 43
49 4
62 35
42 89
64 68
57 86
73 35
20 19
39 80
77 79
87 94
65 31
9 41
41 90
90 98
52 19
14 67
16 13
79 53
15 82
55 42
22 95
70 90
18 36
31 81
81 1
88 81
68 41
70 35
60 37
32 69
25 60
81 88
44 24
1 37
31 82
8 57
28 86
99 55
3 23
31 94
10 47
11 74
39 71
4 39
21 5
30 50
34 13
45 22
54 31
30 26
31 59
80 68
63 48
24 97
55 84
47 80
8 9
11 14
17 94
29 68
73 74
44 47
2 50
22 28
51 91
24 74
16 70
35 83
55 61
1 90
47 57
18 30
59 68
5 60
36 84
9 67
28 80
29 45
21 41
80 90
81 91
54 74
31 90
23 86
43 64
1 67
66 84
13 78
65 88
35 96
28 57
68 93
47 70
5 73
6 38
58 85
9 80
69 94
8 84
31 67
10 44
3 5
62 91
20 94
12 90
32 68
17 25
46 88
38 84
9 57
50 58
29 35
69 71
21 31
61 67
58 98
10 21
62 68
8 97
39 84
31 80
4 63
32 45
51 58
3 18
16 37
43 54
34 91
37 96
65 78
16 73
36 51
76 87
68 83
38 97
58 75
8 74
0 70
19 83
20 48
39 61
23 53
2 30
12 80
4 76
23 89
64 90
16 50
56 86
35 63
9 11
1 70
38 74
42 44
15 90
8 51
27 64
18 95
19 60
31 34
2 7
0 83
19 96
20 61
11 92
12 57
32 35
24 31
43 44
34 81
45 90
5 17
17 28
57 64
3 93
49 60
15 67
27 41
50 61
42 57
61 70
8 64
27 77
19 73
20 38
31 47
23 43
75 90
1 24
34 58
4 66
45 67
72 84
24 44
37 63
64 80
3 70
22 83
34 94
26 53
46 68
49 73
15 80
8 41
18 85
11 46
60 87
12 47
52 83
44 79
16 17
53 84
38 41
56 89
9 14
49 50
14 92
15 57
26 66
27 31
19 27
71 74
29 77
0 50
19 63
39 41
4 20
23 33
83 84
75 80
41 87
44 92
72 74
64 70
37 53
14 69
15 34
26 43
46 58
86 94
49 63
36 93
8 31
0 27
19 40
11 36
82 96
29 90
40 99
41 64
52 73
25 56
44 69
34 61
74 97
45 70
15 47
55 83
47 79
26 56
67 94
59 90
70 99
48 80
0 40
40 76
44 46
54 96
34 38
25 69
44 82
45 47
51 90
43 86
22 63
14 59
15 24
7 20
67 71
18 29
36 83
55 96
47 92
48 57
5 95
71 77
29 80
21 76
40 89
81 90
33 50
6 96
52 63
10 66
34 51
74 87
66 83
32 90
37 56
16 82
35 95
55 73
7 33
47 69
26 46
5 72
70 89
9 79
28 92
29 57
69 93
48 70
6 73
54 86
20 93
32 67
23 98
2 75
43 76
14 49
66 96
16 95
36 73
9 56
29 34
5 85
6 50
11 16
58 97
10 20
42 89
8 96
41 44
73 76
25 36
54 99
14 26
74 77
66 73
13 67
32 80
43 89
35 85
55 63
7 23
47 59
59 70
38 96
17 73
58 74
9 69
77 87
69 83
21 43
40 56
80 92
10 33
54 76
73 89
39 96
24 53
13 80
16 85
17 50
36 63
68 95
47 72
26 98
5 75
6 40
69 96
8 86
27 99
19 95
25 26
3 7
35 39
4 88
24 66
9 23
46 90
38 86
57 99
69 73
21 33
7 98
80 82
27 76
39 50
31 46
91 97
42 92
83 93
8 99
0 95
39 86
31 82
4 65
72 83
51 60
24 43
84 94
16 39
34 93
5 29
17 40
76 89
9 36
49 72
28 49
6 30
18 84
58 77
69 86
42 69
27 89
0 72
12 46
31 59
4 42
13 47
4 78
24 56
64 92
16 52
56 88
14 91
5 42
57 89
49 85
68 98
15 92
21 23
7 88
27 66
18 97
20 27
39 40
23 32
2 9
8 89
0 85
41 86
60 99
53 60
44 91
72 73
24 33
10 98
43 46
1 49
34 83
45 92
46 57
38 53
57 66
3 95
9 26
15 69
7 65
27 43
19 39
79 90
42 59
0 62
39 53
31 49
4 32
41 99
33 95
34 60
13 37
53 73
72 86
37 65
16 42
15 46
26 55
46 70
18 51
38 66
49 75
15 82
18 87
30 61
25 68
4 45
44 81
10 88
2 84
22 62
34 73
5 9
38 43
3 85
49 52
22 98
15 59
7 55
8 20
27 33
18 64
71 76
63 72
42 49
82 85
29 79
41 53
6 95
12 26
4 22
10 65
34 50
53 63
44 94
56 68
14 71
26 45
67 83
86 96
38 56
36 95
27 46
0 29
40 65
52 75
4 35
3 39
22 52
74 99
37 68
3 75
15 49
47 81
8 10
26 58
17 95
9 91
29 69
21 65
6 85
12 16
4 12
44 48
22 29
33 75
34 40
74 76
66 72
32 79
37 45
35 84
15 26
55 62
59 69
70 78
9 68
55 98
8 23
5 97
11 28
29 82
41 56
73 88
52 65
39 95
31 91
3 29
14 38
85 98
13 79
32 92
28 58
47 71
5 74
58 86
77 99
48 72
61 91
40 68
6 75
10 45
14 15
20 95
4 87
32 69
51 82
35 74
15 16
7 12
47 48
18 21
16 97
17 62
57 98
28 71
29 36
80 81
5 87
6 52
50 95
25 38
44 51
23 77
43 55
84 93
14 28
87 98
13 69
24 78
43 91
17 39
35 87
76 88
55 65
28 48
5 64
38 98
29 49
21 45
80 94
10 35
13 46
4 77
72 95
23 90
16 51
1 71
13 82
5 41
65 92
49 84
28 61
18 96
61 94
0 84
19 97
11 93
12 58
39 75
32 36
23 67
24 32
87 88
12 94
53 95
32 72
45 91
16 64
35 77
76 78
68 74
47 51
46 92
6 19
58 66
9 61
42 58
19 74
11 70
31 48
10 25
42 94
75 91
54 68
20 75
32 49
64 81
43 58
1 61
34 95
46 69
65 82
76 91
9 38
49 74
68 87
26 90
18 86
27 91
0 74
20 52
1 38
34 72
45 81
37 77
56 90
17 19
3 84
22 97
46 82
38 78
57 91
49 87
42 48
7 90
27 68
30 73
23 34
83 85
0 87
41 88
1 15
33 84
13 26
53 62
4 57
32 39
72 75
16 31
2 96
22 74
1 51
87 91
37 90
49 64
15 71
26 80
18 76
71 88
82 97
29 91
31 51
83 98
1 28
33 97
34 62
56 80
22 87
14 83
7 44
0 41
19 54
30 63
4 11
23 24
60 91
34 39
13 16
25 70
45 48
2 86
22 64
26 34
78 81
57 58
49 54
89 90
7 57
8 22
26 70
27 35
0 18
47 93
79 82
30 40
90 91
82 87
29 81
0 54
41 55
4 24
44 60
23 37
2 63
22 41
33 87
34 52
74 88
56 70
14 73
7 34
17 84
48 71
40 67
11 40
63 87
29 94
21 90
44 73
2 76
3 41
22 54
14 50
66 97
18 20
36 74
15 51
8 12
0 8
18 56
19 21
59 94
11 17
29 71
48 84
40 80
41 45
52 54
4 14
10 57
45 51
85 87
24 77
3 54
26 37
78 84
36 87
9 70
29 48
47 96
10 34
62 81
81 94
10 70
3 31
43 67
66 87
13 81
17 51
35 99
36 64
55 77
9 83
29 61
69 97
25 27
39 74
2 43
14 17
13 58
4 89
32 71
16 63
36 41
1 83
13 94
59 61
5 53
17 64
36 77
28 73
40 47
5 89
10 24
0 96
23 79
51 61
43 57
35 53
13 71
32 84
65 81
16 76
17 41
9 37
55 67
28 50
1 96
68 86
5 66
50 74
42 70
61 83
80 96
27 90
39 64
10 37
62 84
13 48
31 96
4 79
23 92
24 57
51 74
16 53
17 18
1 73
6 8
65 94
49 86
21 24
7 89
30 72
10 14
42 83
2 10
20 64
39 77
12 60
31 73
4 56
24 34
3 11
84 85
35 43
1 50
87 90
34 84
13 61
53 97
4 92
37 89
57 67
3 96
9 27
36 44
28 40
76 80
26 79
46 94
38 90
49 99
42 60
80 86
8 67
19 76
11 72
30 85
23 46
54 70
0 99
20 77
12 73
4 69
72 87
23 82
84 98
35 56
1 63
46 71
57 80
76 93
15 83
7 79
27 57
18 88
19 53
63 96
42 73
8 80
0 76
13 15
16 20
34 74
45 83
5 10
46 48
38 44
17 21
49 53
28 30
15 60
46 84
18 65
38 80
30 39
82 86
15 96
61 63
48 93
19 66
20 31
31 40
23 36
83 87
41 90
1 17
25 82
4 59
45 60
72 77
16 33
2 98
34 87
45 96
5 23
86 97
38 57
49 66
7 69
27 47
30 52
71 90
63 86
82 99
0 66
20 44
4 36
23 49
33 99
34 64
25 95
53 77
3 76
22 89
7 46
19 20
17 96
0 43
19 56
20 21
11 52
52 53
4 13
23 26
41 80
33 76
34 41
53 54
44 85
26 36
5 13
18 32
46 51
38 47
89 92
36 86
15 63
47 95
48 60
5 98
71 80
63 76
82 89
48 96
21 79
40 92
41 57
33 53
6 99
12 30
25 49
52 66
4 26
22 43
1 20
14 39
33 89
34 54
85 99
32 93
37 59
55 76
67 87
78 96
70 92
28 95
29 60
48 73
21 56
0 33
40 69
10 82
14 52
16 98
7 49
48 50
19 23
6 53
63 66
41 47
73 79
14 29
66 76
85 89
13 70
32 83
37 49
43 92
1 95
7 26
26 39
59 73
17 76
28 85
29 50
21 46
80 95
6 66
62 83
33 56
73 92
20 86
25 52
39 99
32 60
23 91
51 73
2 68
3 33
22 46
66 89
13 83
32 96
24 92
17 53
9 49
6 43
50 86
69 99
61 95
31 72
2 45
22 23
14 19
12 95
35 78
36 43
47 52
88 90
38 89
9 62
77 80
40 49
80 85
2 22
62 73
0 98
23 81
3 23
1 62
16 78
17 43
9 39
6 33
69 89
42 72
21 49
20 53
54 82
20 89
12 85
13 50
53 86
72 99
23 94
16 55
56 91
35 68
38 79
17 56
50 53
7 91
27 69
19 65
10 16
83 86
62 63
8 92
54 59
0 88
39 79
51 53
35 45
1 52
34 86
13 63
45 95
5 22
46 60
16 68
57 69
9 29
68 78
15 72
26 81
46 96
6 23
38 92
79 93
50 66
69 79
42 62
82 98
27 82
12 39
30 87
31 52
75 95
33 98
12 75
13 40
53 76
72 89
45 72
64 85
16 45
56 81
1 65
14 84
65 86
57 82
49 78
15 85
7 81
8 46
11 51
30 64
8 82
41 79
20 56
60 92
11 87
12 52
1 42
34 76
17 23
3 88
9 19
7 58
6 13
79 83
30 41
90 92
7 94
27 72
40 91
6 98
11 64
39 46
31 42
75 85
94 98
1 19
13 30
45 62
16 35
56 71
3 65
26 48
67 86
5 25
86 99
37 94
38 59
78 95
57 72
0 32
79 96
30 54
71 92
63 88
41 69
12 42
1 32
34 66
53 79
37 71
56 84
3 78
15 52
8 13
67 99
59 95
63 65
9 94
48 85
6 88
31 32
23 28
33 78
25 74
53 56
51 95
2 90
15 29
26 38
67 76
18 34
38 49
78 85
70 81
36 88
8 26
0 22
19 35
11 31
63 78
48 98
21 81
40 94
33 55
4 28
44 64
34 56
32 95
3 68
14 77
55 78
47 74
26 51
67 89
59 85
70 94
17 88
6 78
2 44
20 98
22 58
26 28
13 95
55 91
28 74
47 87
8 16
40 48
6 55
9 97
50 98
62 72
73 81
6 91
51 62
2 57
14 31
74 82
13 72
51 98
36 55
15 32
28 51
47 64
5 67
17 78
40 61
10 38
2 34
62 85
25 54
32 62
3 35
35 67
13 85
47 77
50 88
8 91
11 96
31 74
10 51
2 47
22 25
14 21
66 68
12 97
13 62
32 75
17 32
35 80
36 45
1 87
17 68
77 82
21 38
80 87
27 81
39 55
10 28
42 97
62 75
73 84
20 78
12 74
32 52
72 88
23 83
24 48
3 25
84 99
1 64
13 75
46 72
16 80
9 41
68 90
6 35
69 91
61 87
27 94
0 77
39 68
12 51
2 37
4 83
35 70
28 31
1 77
5 47
46 85
65 98
57 94
21 28
61 64
39 45
30 76
10 18
2 14
83 88
8 94
94 97
0 90
41 91
20 68
12 64
31 77
4 60
72 78
23 73
51 55
43 51
35 47
95 98
87 94
45 97
46 62
37 93
65 75
17 35
76 84
68 80
18 79
38 94
58 72
50 68
8 71
30 89
31 54
23 50
1 31
34 65
13 42
53 78
37 70
14 86
5 37
15 87
27 61
18 92
12 18
23 27
2 4
0 80
33 77
12 54
4 50
23 63
56 60
35 37
34 78
5 14
9 21
7 60
30 43
71 81
63 77
48 97
19 70
20 35
11 66
23 40
1 21
34 55
25 86
53 68
72 81
45 64
64 77
14 76
46 65
18 46
49 70
15 77
28 96
7 73
48 74
30 56
63 90
4 40
22 57
45 77
3 80
15 54
55 90
8 15
26 63
18 59
63 67
0 47
41 48
20 25
6 90
12 21
4 17
10 60
75 77
41 84
33 80
34 45
25 76
53 58
44 89
93 94
10 96
51 97
2 92
43 93
7 27
26 40
18 36
78 87
17 77
8 28
40 60
19 37
6 67
11 33
63 80
41 61
81 97
73 93
10 73
3 34
14 43
74 94
13 84
15 44
18 49
9 86
29 64
4 7
62 97
14 20
34 35
66 67
12 96
37 40
2 82
3 47
14 56
55 57
7 17
67 68
13 97
59 64
17 67
9 63
55 93
28 76
29 41
47 89
48 54
21 37
40 50
10 27
62 74
41 51
81 87
31 86
2 59
3 24
43 60
22 37
74 84
66 80
13 74
16 79
17 44
36 57
55 70
28 53
1 99
5 69
6 34
17 80
9 76
77 94
28 89
69 90
61 86
80 99
30 98
54 83
31 99
32 64
51 77
24 60
43 73
13 87
24 96
17 57
28 66
29 31
5 82
58 94
54 60
20 67
11 98
12 63
23 72
43 50
84 88
95 97
1 53
87 93
66 70
12 99
32 77
24 73
16 69
36 47
9 30
1 89
5 59
58 71
77 84
50 67
80 89
8 70
39 57
31 53
2 26
20 80
31 89
51 67
38 70
57 83
28 56
26 95
6 37
50 80
42 76
2 3
61 89
27 96
0 79
19 92
20 57
11 88
34 77
53 90
4 85
24 63
64 99
16 59
57 60
36 37
14 98
26 72
46 87
6 14
38 83
57 96
58 61
49 92
69 70
42 53
61 66
27 73
0 56
20 34
30 78
91 94
23 39
2 16
83 90
75 86
94 99
0 92
41 93
13 31
53 67
72 80
23 75
24 40
43 53
35 49
87 96
37 95
65 77
17 37
49 69
68 82
26 85
71 93
20 47
11 78
39 60
23 52
75 99
13 44
53 80
45 76
64 89
16 49
3 79
15 53
26 62
5 39
15 89
7 85
0 46
19 59
20 24
11 55
30 68
23 29
75 76
1 10
33 79
24 30
56 62
34 80
45 89
5 16
86 90
57 63
3 92
68 72
8 27
18 71
30 45
71 83
63 79
42 56
82 92
8 63
0 59
40 95
11 68
12 33
4 29
44 65
10 72
75 89
7 39
59 86
70 95
17 89
7 75
48 76
27 53
40 72
19 49
6 79
30 58
4 6
63 92
21 95
41 73
33 69
25 65
37 39
10 85
2 81
3 46
22 59
15 20
5 6
13 96
18 25
37 75
38 40
70 72
15 56
47 88
8 17
27 30
59 99
11 22
71 73
63 69
9 98
48 89
6 92
44 55
33 82
74 83
66 79
45 56
85 92
51 99
56 65
2 94
55 69
18 38
78 89
29 53
0 26
21 85
41 63
33 59
52 72
10 75
3 36
22 49
14 45
55 82
28 65
7 42
59 89
11 12
58 93
48 79
33 36
6 82
25 32
4 9
10 52
34 37
12 98
32 76
36 46
15 23
55 59
96 97
7 19
26 32
67 70
17 69
36 82
9 65
77 83
29 43
48 56
6 59
42 98
62 76
81 89
33 49
25 45
31 88
51 66
2 61
22 39
66 82
43 98
16 81
17 46
76 95
55 72
5 71
6 36
17 82
9 78
50 79
77 96
29 56
69 92
21 52
27 95
2 38
54 85
20 92
51 79
43 75
16 58
35 71
28 32
7 9
13 89
46 86
9 55
49 91
28 68
21 29
61 65
40 42
6 49
58 96
2 15
8 95
0 91
73 75
39 82
12 65
32 43
24 39
14 25
95 99
13 66
45 98
65 76
16 71
1 91
88 96
5 61
42 65
20 46
11 77
31 55
10 32
23 51
75 98
54 75
12 78
13 43
4 74
72 92
16 48
5 38
46 76
65 89
17 49
9 45
49 81
68 94
7 84
50 82
0 81
60 95
39 72
12 55
13 20
31 68
24 29
1 45
34 79
13 56
16 61
57 62
3 91
9 22
49 58
98 99
50 59
90 95
69 72
61 68
7 97
27 75
0 58
19 71
20 36
31 45
91 96
83 92
75 88
53 69
24 42
35 51
1 58
5 28
8 39
30 57
63 91
12 45
52 81
1 35
53 82
37 74
38 39
7 51
26 64
59 98
38 75
30 34
7 87
30 70
31 35
23 31
75 78
41 85
33 81
52 94
53 59
93 95
44 90
37 51
22 71
5 18
70 84
49 61
89 97
15 68
7 64
8 29
27 42
0 25
19 38
79 89
30 47
40 97
41 62
12 35
52 71
4 31
10 74
1 25
25 90
53 72
56 77
22 84
14 80
15 45
7 41
26 54
59 88
9 87
48 78
0 38
40 74
6 81
34 36
52 84
10 87
51 88
14 57
7 18
67 69
13 98
38 42
55 94
28 77
47 90
8 19
19 28
63 71
48 91
41 52
81 88
60 65
33 48
6 94
52 61
25 44
4 21
10 64
22 38
14 34
74 85
25 80
93 98
45 58
85 94
35 93
26 44
59 78
70 87
77 95
48 68
0 28
10 41
21 87
73 97
20 91
25 57
10 77
2 73
74 98
7 8
