100 1931 10
31 16
60 33
28 68
10 31
4 78
15 15
20 28
69 27
70 21
99 26
72 11
11 55
92 56
16 94
50 85
64 34
19 15
78 1
69 7
65 58
94 42
88 30
82 20
70 78
59 11
56 2
77 62
57 13
87 24
21 51
83 17
45 94
43 57
54 57
98 36
80 64
21 91
66 95
94 11
28 42
7 20
94 33
40 62
28 22
11 49
62 75
10 14
23 58
72 95
8 39
20 38
57 29
28 82
30 12
65 89
72 54
53 2
3 77
80 15
52 57
26 29
37 70
94 44
36 35
18 23
8 41
20 76
3 41
4 85
4 91
83 51
44 28
99 64
12 29
68 51
40 41
69 96
13 85
28 60
12 55
74 57
35 1
74 82
17 95
56 18
72 11
61 76
42 53
12 64
1 94
70 64
30 67
82 28
12 62
96 46
19 100
59 81
53 64
77 20
57 54
24 97
16 93
17 58
47 80
5 83
17 94
21 64
40 77
73 74
25 34
39 81
44 47
3 15
14 24
43 87
36 48
15 25
47 57
59 68
5 60
46 98
77 85
29 45
62 78
54 74
25 47
39 94
32 55
51 68
43 64
13 78
16 83
17 48
28 57
68 93
5 73
6 38
58 85
9 80
50 81
69 94
31 67
10 44
2 40
62 91
54 87
12 90
13 55
32 68
35 73
7 11
46 88
6 15
17 61
58 62
49 93
50 58
29 35
69 71
61 67
91 95
62 68
8 97
54 64
12 67
13 32
51 58
43 54
35 50
1 57
4 99
37 96
65 78
76 87
9 34
28 47
68 83
61 80
8 74
19 83
12 44
30 92
2 30
4 76
32 58
72 94
16 50
56 86
9 11
5 40
9 47
49 83
68 96
8 51
19 60
10 11
2 7
0 83
20 61
60 97
13 22
24 31
1 47
53 94
5 17
46 55
38 51
57 64
9 24
49 60
6 18
38 87
79 88
58 65
30 46
8 64
27 77
19 73
60 74
11 69
39 51
41 97
33 93
13 35
25 89
4 66
45 67
53 71
24 44
37 63
64 80
16 40
3 70
46 68
7 76
26 89
11 46
63 93
41 74
20 51
33 70
12 47
4 43
10 86
53 84
45 80
5 7
3 83
9 14
14 92
26 66
27 31
30 36
0 50
19 63
60 64
39 41
12 24
52 60
31 37
83 84
41 87
53 61
93 97
44 92
72 74
85 93
10 99
16 30
56 66
2 95
3 60
22 73
14 69
15 34
67 81
46 58
38 54
70 86
49 63
15 70
7 66
8 31
0 27
40 99
12 37
4 33
44 69
2 72
34 61
25 92
37 66
14 82
15 47
7 43
0 4
11 13
6 83
11 49
10 53
21 99
1 4
54 96
33 73
37 43
10 89
2 85
43 86
14 59
15 24
26 33
67 71
59 67
70 76
55 96
48 57
40 53
5 95
11 26
63 73
29 80
21 76
40 89
81 90
60 67
73 86
6 96
52 63
44 59
10 66
14 36
34 51
74 87
85 96
13 77
37 56
3 63
16 82
43 99
36 60
18 42
59 80
17 83
36 96
28 92
29 57
69 93
48 70
40 66
6 73
25 59
32 67
51 80
2 75
3 40
35 72
1 79
66 96
13 90
36 73
9 56
55 86
47 82
8 11
0 7
5 85
58 97
9 92
42 89
62 67
25 36
39 83
44 49
10 56
51 57
2 52
3 17
22 30
54 99
14 26
85 86
24 76
43 89
16 72
55 63
28 46
1 92
7 23
88 97
9 69
69 83
21 43
61 79
10 33
2 29
54 76
73 89
12 79
31 92
4 75
24 53
3 30
43 66
1 69
65 90
57 86
36 63
68 95
47 72
58 87
42 79
2 6
61 92
27 99
39 73
31 69
54 89
20 96
12 92
13 57
53 93
4 88
16 62
17 27
28 36
1 82
47 49
5 52
38 86
49 95
50 60
69 73
21 33
50 96
10 23
91 97
2 19
83 93
62 70
8 99
31 82
32 47
24 43
43 56
35 52
1 59
65 80
17 40
49 72
6 30
18 84
38 99
69 86
42 69
27 89
0 72
11 81
31 59
53 83
64 92
14 91
46 80
65 93
57 89
68 98
8 53
0 49
19 62
20 27
39 40
31 36
10 13
8 89
20 63
11 94
12 59
13 24
52 95
44 91
53 60
64 69
35 42
1 49
45 92
5 19
46 57
76 79
26 78
6 20
18 74
19 39
90 99
82 95
8 66
0 62
20 40
12 36
41 99
1 26
33 95
64 82
22 85
26 55
18 51
70 98
7 78
8 43
18 87
11 48
63 95
41 76
33 72
44 81
45 46
16 19
2 84
22 62
1 39
34 73
45 82
5 9
37 78
38 43
9 16
14 94
8 20
26 68
30 38
0 52
60 66
6 95
12 26
10 65
75 82
33 85
85 95
37 55
15 36
26 45
86 96
38 56
36 95
8 33
48 69
27 46
11 38
30 51
33 62
52 75
25 58
10 78
2 74
22 52
7 45
8 10
47 81
17 95
9 91
48 82
21 65
0 42
40 78
41 43
6 85
10 55
1 6
33 75
66 72
45 49
51 92
35 84
15 26
67 73
59 69
78 82
70 78
36 85
9 68
28 81
29 46
8 23
48 59
40 55
21 78
41 56
39 95
10 68
22 42
14 38
66 85
85 98
32 92
35 97
7 35
47 71
5 74
17 85
77 99
69 95
21 55
10 45
2 41
3 6
12 91
32 69
1 81
47 48
9 58
29 36
80 81
5 87
10 22
21 68
8 98
81 82
33 42
73 78
25 38
10 58
51 59
87 98
66 75
13 69
32 82
43 91
16 74
17 39
36 52
76 88
28 48
1 94
88 99
5 64
38 98
17 75
9 71
61 81
80 94
19 84
39 62
2 31
20 85
39 98
13 46
24 55
43 68
17 52
9 48
28 61
15 91
21 22
5 77
50 85
69 98
61 94
19 97
25 28
39 75
32 36
3 9
13 59
17 29
35 77
36 42
47 51
5 54
46 92
38 88
9 61
42 58
80 84
8 65
19 74
11 70
30 83
42 94
83 95
41 98
20 75
12 71
31 84
4 67
32 49
72 85
84 96
1 61
46 69
38 65
17 42
49 74
18 86
58 79
30 60
71 98
27 91
19 87
20 52
60 88
39 65
4 80
37 77
16 54
9 15
22 97
49 51
14 93
6 9
38 78
50 52
15 94
7 90
20 29
11 60
12 25
31 38
2 11
83 85
75 81
0 87
52 97
53 62
64 71
2 96
1 51
34 85
46 59
65 72
3 97
49 64
15 71
7 67
27 45
18 76
11 37
71 88
8 68
60 78
31 51
53 75
45 71
64 84
37 67
67 95
59 91
38 68
27 58
0 41
18 89
12 15
1 5
34 39
45 48
37 44
2 86
22 64
67 72
37 80
89 90
15 61
7 57
26 70
0 18
18 66
79 82
11 27
71 78
90 91
63 74
82 87
48 94
21 77
0 54
41 55
33 51
44 60
23 37
10 67
2 63
33 87
44 96
37 57
22 77
14 73
55 74
67 85
18 43
70 90
36 97
28 93
40 67
25 60
44 73
10 80
3 41
66 97
36 74
15 51
28 70
47 83
59 94
5 86
63 64
48 84
41 45
44 50
10 57
22 31
45 51
85 87
37 47
24 77
43 90
14 63
15 28
55 64
67 75
78 84
17 74
77 88
47 96
33 54
73 90
39 97
44 63
43 67
74 91
66 87
32 94
24 90
17 51
36 64
7 37
9 83
50 84
69 97
25 27
10 47
62 94
54 90
20 97
13 58
24 67
3 44
16 63
35 76
15 18
1 83
7 14
47 50
13 94
59 61
49 96
28 73
48 51
21 34
40 47
92 94
50 97
0 96
33 44
39 87
23 79
84 95
35 53
13 71
32 84
24 80
16 76
17 41
35 89
9 37
68 86
77 91
50 74
21 47
61 83
27 90
19 86
30 95
10 37
54 80
12 83
32 61
51 74
24 57
35 66
1 73
65 94
38 77
17 54
49 86
28 63
15 93
21 24
7 89
50 87
2 10
61 96
19 99
11 95
39 77
4 56
23 69
84 85
35 43
1 50
87 90
34 84
24 70
76 80
68 76
88 91
46 94
58 68
77 81
42 60
61 73
8 67
19 76
31 50
75 93
54 70
0 99
12 73
13 38
53 74
32 51
72 87
23 82
24 47
64 83
35 56
22 86
1 63
76 93
15 83
26 92
19 53
50 77
8 80
0 76
12 50
52 86
31 63
23 59
16 20
34 74
45 83
64 96
38 44
46 84
38 80
61 63
7 92
8 57
48 93
30 75
83 87
75 83
94 96
41 90
52 99
13 28
25 82
44 95
45 60
24 37
16 33
2 98
22 76
34 87
46 61
57 70
15 73
7 69
26 82
0 30
18 78
19 43
79 94
82 99
0 66
20 44
60 80
12 40
4 36
23 49
10 79
34 64
25 95
53 77
45 73
64 86
37 69
56 82
59 93
19 20
8 47
0 43
19 56
11 52
52 53
4 13
23 26
41 80
13 18
25 72
44 85
45 50
2 88
14 62
26 36
67 74
5 13
18 32
70 79
49 56
89 92
7 59
27 37
18 68
19 33
5 98
11 29
79 84
63 76
82 89
12 30
10 69
14 39
34 54
74 90
66 86
3 66
35 98
7 36
26 49
70 92
17 86
28 95
8 37
40 69
10 46
21 92
62 93
10 82
22 56
7 13
66 99
13 93
17 63
0 10
30 32
21 69
40 82
41 47
81 83
6 89
52 56
10 59
2 55
85 89
32 83
51 96
15 30
1 95
7 26
47 62
18 35
29 50
48 63
21 46
2 32
81 96
54 79
33 56
20 86
39 99
43 69
22 46
1 72
13 83
32 96
16 88
17 53
9 49
28 62
5 78
6 43
50 86
29 63
42 82
19 98
25 29
39 76
31 72
10 49
62 96
20 99
12 95
13 60
32 73
51 86
28 39
5 55
46 93
38 89
17 66
48 53
21 36
40 49
27 79
6 56
30 84
50 99
2 22
0 98
73 82
20 76
12 72
31 85
23 81
51 63
43 59
84 97
14 32
24 82
17 43
76 92
9 39
69 89
42 72
21 49
61 85
19 88
39 66
2 35
20 89
53 86
24 59
64 95
16 55
17 20
56 91
28 29
1 75
6 10
38 79
61 62
30 74
10 16
42 85
62 63
8 92
54 59
20 66
52 98
13 27
31 75
4 58
43 49
84 87
35 45
95 96
5 22
46 60
65 73
16 68
57 69
9 29
49 65
15 72
5 58
6 23
18 77
38 92
50 66
42 62
61 75
8 69
27 82
39 56
31 52
23 48
83 99
75 95
1 29
53 76
4 71
72 89
56 81
22 88
1 65
34 99
46 73
38 69
49 78
8 46
26 94
27 59
11 51
42 75
0 78
11 87
52 88
13 17
31 65
24 26
34 76
53 89
64 98
37 81
56 94
57 59
3 88
9 19
49 55
7 58
26 71
18 67
79 83
71 79
50 56
42 52
82 88
7 94
60 69
30 77
31 42
4 25
91 93
25 84
4 61
45 62
72 79
64 75
56 71
22 78
14 74
26 48
5 25
38 59
78 95
8 36
11 41
71 92
63 88
21 91
41 69
60 82
52 78
2 77
22 55
1 32
66 98
45 75
56 84
15 52
18 57
11 18
30 31
63 65
9 94
0 45
40 81
41 46
31 32
4 15
41 82
1 9
52 91
44 87
37 48
56 61
7 25
38 49
78 85
28 84
47 97
8 26
27 39
0 22
11 31
30 44
29 85
41 59
60 72
33 55
10 71
3 32
66 88
55 78
67 89
17 88
28 97
29 62
40 71
6 78
10 48
2 44
54 91
33 68
37 38
51 85
3 45
14 54
13 95
59 62
70 71
17 65
55 91
29 39
48 52
0 12
11 21
92 95
63 68
29 75
21 71
33 45
52 58
39 88
51 62
2 57
43 94
16 77
35 90
55 68
28 51
1 97
7 28
59 75
28 87
69 88
48 65
21 48
62 85
20 88
12 84
31 97
43 71
13 85
24 94
65 95
0 2
5 80
21 61
8 91
33 35
20 65
11 96
31 74
10 51
2 47
3 12
84 86
54 94
14 21
12 97
13 62
32 75
36 45
46 95
38 91
17 68
61 74
80 87
6 58
39 55
62 75
20 78
4 70
72 88
51 65
3 25
84 99
1 64
17 45
9 41
28 54
68 90
15 84
26 93
58 82
50 78
69 91
0 77
19 90
20 55
39 68
30 99
1 41
32 65
64 97
56 93
35 70
1 77
46 85
38 81
58 59
9 54
49 90
42 51
21 28
61 64
7 93
19 67
39 45
31 41
10 18
91 92
8 94
11 99
12 64
13 29
23 73
51 55
64 74
43 51
34 88
45 97
5 24
37 93
17 35
76 84
9 31
15 74
7 70
6 25
58 72
30 53
71 91
42 64
61 77
27 84
20 45
11 76
12 41
30 89
31 54
34 65
24 51
26 60
67 98
38 71
57 84
7 83
19 57
20 22
30 66
23 27
0 80
1 8
20 58
53 55
4 50
16 24
53 91
38 48
3 90
49 57
7 60
8 25
18 69
71 81
42 54
82 90
29 84
8 61
48 97
0 57
40 93
60 71
52 67
25 86
44 99
45 64
64 77
56 73
22 80
14 76
26 50
46 65
28 96
8 38
48 74
0 34
18 82
11 43
63 90
33 67
52 80
44 76
10 83
2 79
14 53
7 50
8 15
0 11
19 24
11 20
9 96
29 74
20 25
60 61
23 30
75 77
1 11
33 80
25 76
93 94
44 89
85 90
37 50
2 92
43 93
7 27
67 78
86 91
18 36
59 74
78 87
70 83
17 77
36 90
0 24
11 33
29 87
41 61
52 70
25 53
44 66
10 73
3 34
22 47
74 94
66 90
32 97
24 93
36 67
55 80
0 1
70 96
9 86
48 77
21 60
33 34
4 7
2 46
62 97
25 66
37 40
3 47
43 83
15 21
1 86
47 53
26 30
67 68
55 93
28 76
8 18
0 14
40 50
5 92
11 23
9 99
62 74
41 51
81 87
44 56
31 86
2 59
14 33
74 84
66 80
13 74
43 96
17 44
5 69
6 34
28 89
27 93
13 51
51 77
24 60
43 73
16 56
35 69
1 76
5 46
16 92
17 57
57 93
36 70
28 66
58 94
61 99
54 60
33 37
39 80
31 76
51 54
3 14
84 88
35 46
14 23
1 53
13 64
17 34
35 82
76 83
9 30
47 56
5 59
6 24
46 97
38 93
50 67
8 70
30 88
31 53
10 30
2 26
20 80
31 89
32 54
24 50
43 63
16 46
46 74
18 91
50 80
61 89
27 96
0 79
20 57
31 66
24 27
3 4
1 43
53 90
4 85
45 86
37 82
16 59
57 60
36 37
9 20
14 98
26 72
5 49
38 83
27 73
0 56
19 69
30 78
91 94
2 16
83 90
75 86
94 99
41 93
72 80
24 40
43 53
45 99
5 26
57 73
76 86
9 33
27 50
79 97
42 66
20 47
11 78
12 43
39 60
4 39
23 52
34 67
13 44
16 49
56 85
3 79
9 10
15 53
38 73
42 43
15 89
27 63
19 59
23 29
75 76
41 83
1 10
33 79
13 21
4 52
24 30
64 66
34 80
65 67
97 99
3 92
89 95
15 66
7 62
8 27
47 98
79 87
90 96
0 59
40 95
41 60
52 69
4 29
44 65
23 42
41 96
33 92
34 57
25 88
64 79
37 62
3 69
22 82
7 39
26 52
67 90
59 86
28 98
8 40
48 76
0 36
30 58
71 96
63 92
33 69
25 65
3 46
14 55
34 70
26 29
5 6
37 75
70 72
15 56
55 92
27 30
18 61
5 91
63 69
48 89
40 85
52 59
10 62
1 13
33 82
34 47
93 96
37 52
56 65
22 72
35 91
67 80
86 93
59 76
36 92
28 88
0 26
63 82
33 59
73 95
44 68
10 75
2 71
22 49
13 86
32 99
24 95
7 42
5 81
17 92
48 79
21 62
61 98
40 75
33 36
25 32
62 99
22 26
14 22
66 69
4 94
32 76
51 89
24 72
3 49
43 85
35 81
55 59
96 97
47 55
26 32
9 65
28 78
47 91
80 88
92 99
33 49
73 85
32 53
23 84
51 66
2 61
43 62
22 39
66 82
32 89
36 59
9 42
55 72
6 36
50 79
21 52
19 91
10 42
20 92
12 88
13 53
23 97
35 71
1 78
13 89
65 99
57 95
49 91
29 33
15 98
5 84
50 92
0 91
20 69
39 82
12 65
23 74
24 39
51 56
35 48
95 99
45 98
24 75
17 36
36 49
76 85
68 81
1 91
88 96
5 61
46 99
38 95
58 73
77 86
69 82
61 78
80 91
20 46
31 55
75 98
54 75
20 82
23 87
24 52
64 88
35 61
1 68
76 98
68 94
15 88
26 97
27 62
6 39
50 82
42 78
2 5
8 85
0 81
19 94
20 59
60 95
12 55
32 33
35 38
34 79
13 56
46 53
37 84
65 66
16 61
17 26
57 62
3 91
5 51
6 16
18 70
50 59
42 55
27 75
20 36
39 49
30 80
91 96
2 18
83 92
72 82
24 42
56 74
35 51
22 81
1 58
34 92
5 28
46 66
57 75
15 78
26 87
27 52
79 99
11 44
30 57
71 95
0 71
60 85
4 41
44 77
34 69
53 82
64 91
37 74
56 87
22 94
14 90
26 64
38 75
71 72
7 87
8 52
48 88
0 48
40 84
75 78
1 12
60 98
53 59
44 90
3 58
34 82
26 41
67 79
89 97
36 91
15 68
7 64
41 62
33 58
12 35
4 31
44 67
23 44
10 74
1 25
74 95
25 90
66 91
37 64
56 77
3 71
22 84
15 45
55 81
59 88
17 91
8 42
62 98
25 67
51 88
2 83
3 48
22 61
14 57
67 69
38 42
55 94
28 77
0 15
19 28
92 98
29 78
48 91
21 74
40 87
60 65
33 48
6 94
44 57
22 38
14 34
34 49
74 85
93 98
32 88
43 97
14 70
55 71
36 94
9 77
29 55
0 28
40 64
62 88
54 84
73 97
20 91
25 57
44 70
23 96
51 78
2 73
43 74
22 51
