========================================
Test case: A7
Input: /home/hobbbit31/Desktop/parallel/ass3/complete_10/A7.txt
========================================

--- np=1 ---
Execution time: 3.07327 seconds
Output:
6516
1 15 24 30 31 32 34 36 45 47 50 53 55 57 66 69 74 75 77 88 97 101 103 106 124 128 131 157 180 181 187 208 215 222 233 237 238 243 245 248 249 253 254 259 261 267 271 274 276 277 288 297 302 305 320 327 342 372 377 392 395 397 400 413 417 420 421 435 437 438 443 457 458 466 470 471 486 497 499 500 503 506 509 516 532 534 539 544 548 551 554 556 564 591 598

--- np=2 ---
Execution time: 5.43026 seconds
Output:
6516
1 15 24 30 31 32 34 36 45 47 50 53 55 57 66 69 74 75 77 88 97 101 103 106 124 128 131 157 180 181 187 208 215 222 233 237 238 243 245 248 249 253 254 259 261 267 271 274 276 277 288 297 302 305 320 327 342 372 377 392 395 397 400 413 417 420 421 435 437 438 443 457 458 466 470 471 486 497 499 500 503 506 509 516 532 534 539 544 548 551 554 556 564 591 598

--- np=3 ---
Execution time: 5.82588 seconds
Output:
6516
1 15 24 30 31 32 34 36 45 47 50 53 55 57 66 69 74 75 77 88 97 101 103 106 124 128 131 157 180 181 187 208 215 222 233 237 238 243 245 248 249 253 254 259 261 267 271 274 276 277 288 297 302 305 320 327 342 372 377 392 395 397 400 413 417 420 421 435 437 438 443 457 458 466 470 471 486 497 499 500 503 506 509 516 532 534 539 544 548 551 554 556 564 591 598

--- np=4 ---
Execution time: 5.85505 seconds
Output:
6516
1 15 24 30 31 32 34 36 45 47 50 53 55 57 66 69 74 75 77 88 97 101 103 106 124 128 131 157 180 181 187 208 215 222 233 237 238 243 245 248 249 253 254 259 261 267 271 274 276 277 288 297 302 305 320 327 342 372 377 392 395 397 400 413 417 420 421 435 437 438 443 457 458 466 470 471 486 497 499 500 503 506 509 516 532 534 539 544 548 551 554 556 564 591 598

--- np=5 ---
Execution time: 6.01657 seconds
Output:
6516
1 15 24 30 31 32 34 36 45 47 50 53 55 57 66 69 74 75 77 88 97 101 103 106 124 128 131 157 180 181 187 208 215 222 233 237 238 243 245 248 249 253 254 259 261 267 271 274 276 277 288 297 302 305 320 327 342 372 377 392 395 397 400 413 417 420 421 435 437 438 443 457 458 466 470 471 486 497 499 500 503 506 509 516 532 534 539 544 548 551 554 556 564 591 598

--- np=6 ---
Execution time: 6.24786 seconds
Output:
6516
1 15 24 30 31 32 34 36 45 47 50 53 55 57 66 69 74 75 77 88 97 101 103 106 124 128 131 157 180 181 187 208 215 222 233 237 238 243 245 248 249 253 254 259 261 267 271 274 276 277 288 297 302 305 320 327 342 372 377 392 395 397 400 413 417 420 421 435 437 438 443 457 458 466 470 471 486 497 499 500 503 506 509 516 532 534 539 544 548 551 554 556 564 591 598

--- np=7 ---
Execution time: 6.4162 seconds
Output:
6516
1 15 24 30 31 32 34 36 45 47 50 53 55 57 66 69 74 75 77 88 97 101 103 106 124 128 131 157 180 181 187 208 215 222 233 237 238 243 245 248 249 253 254 259 261 267 271 274 276 277 288 297 302 305 320 327 342 372 377 392 395 397 400 413 417 420 421 435 437 438 443 457 458 466 470 471 486 497 499 500 503 506 509 516 532 534 539 544 548 551 554 556 564 591 598

--- np=8 ---
Execution time: 6.48514 seconds
Output:
6516
1 15 24 30 31 32 34 36 45 47 50 53 55 57 66 69 74 75 77 88 97 101 103 106 124 128 131 157 180 181 187 208 215 222 233 237 238 243 245 248 249 253 254 259 261 267 271 274 276 277 288 297 302 305 320 327 342 372 377 392 395 397 400 413 417 420 421 435 437 438 443 457 458 466 470 471 486 497 499 500 503 506 509 516 532 534 539 544 548 551 554 556 564 591 598

