========================================
Test case: dense_500
Input: /home/hobbbit31/Desktop/parallel/ass3/complete_10/dense_500.txt
========================================

--- np=1 ---
Execution time: 235.243 seconds
Output:
1706
26 29 37 67 101 123 124 134 152 218 229 242 248 285 292 343 356 366 385 426 499

--- np=2 ---
Execution time: 139.001 seconds
Output:
1706
26 29 37 67 101 123 124 134 152 218 229 242 248 285 292 343 356 366 385 426 499

--- np=3 ---
Execution time: 121.737 seconds
Output:
1706
26 29 37 67 101 123 124 134 152 218 229 242 248 285 292 343 356 366 385 426 499

--- np=4 ---
Execution time: 98.1303 seconds
Output:
1706
26 29 37 67 101 123 124 134 152 218 229 242 248 285 292 343 356 366 385 426 499

--- np=5 ---
Execution time: 83.1427 seconds
Output:
1706
26 29 37 67 101 123 124 134 152 218 229 242 248 285 292 343 356 366 385 426 499

--- np=6 ---
Execution time: 87.7936 seconds
Output:
1706
26 29 37 67 101 123 124 134 152 218 229 242 248 285 292 343 356 366 385 426 499

--- np=7 ---
Execution time: 71.4577 seconds
Output:
1706
26 29 37 67 101 123 124 134 152 218 229 242 248 285 292 343 356 366 385 426 499

--- np=8 ---
Execution time: 67.3685 seconds
Output:
1706
26 29 37 67 101 123 124 134 152 218 229 242 248 285 292 343 356 366 385 426 499

