========================================
Test case: input_large
Input: /home/hobbbit31/Desktop/parallel/ass3/complete_10/input_large.txt
========================================

--- np=1 ---
Execution time: 35.018 seconds
Output:
9222
6 18 24 32 35 37 38 41 44 47 52 58 65 90 110 122 125 131 134 147 153 154 155 166 178 181 186 195 196 198 202 206 211 212 215 225 230 234 242 245 259 264 278 279 284 287 290 301 303 308 317 320 339 359 361 367 397 401 404 411 413 427 458 462 510 519 523 533 545 550 583 585 587 593 607 612 617 620 625 626 649 652 666 679 683 694 704 706 728 732 738 739 752 758 760 768 782 786 788 790 792 796 810 814 820 858 864 870 877 888 891 913 925 933 934 941 942 963 971 982 1008 1036 1041 1043 1053 1071 1075 1076 1084 1100 1104 1112 1116 1117 1136 1163 1164 1175 1187 1196

--- np=2 ---
Execution time: 35.132 seconds
Output:
9222
6 18 24 32 35 37 38 41 44 47 52 58 65 90 110 122 125 131 134 147 153 154 155 166 178 181 186 195 196 198 202 206 211 212 215 225 230 234 242 245 259 264 278 279 284 287 290 301 303 308 317 320 339 359 361 367 397 401 404 411 413 427 458 462 510 519 523 533 545 550 583 585 587 593 607 612 617 620 625 626 649 652 666 679 683 694 704 706 728 732 738 739 752 758 760 768 782 786 788 790 792 796 810 814 820 858 864 870 877 888 891 913 925 933 934 941 942 963 971 982 1008 1036 1041 1043 1053 1071 1075 1076 1084 1100 1104 1112 1116 1117 1136 1163 1164 1175 1187 1196

--- np=3 ---
Execution time: 37.2519 seconds
Output:
9222
6 18 24 32 35 37 38 41 44 47 52 58 65 90 110 122 125 131 134 147 153 154 155 166 178 181 186 195 196 198 202 206 211 212 215 225 230 234 242 245 259 264 278 279 284 287 290 301 303 308 317 320 339 359 361 367 397 401 404 411 413 427 458 462 510 519 523 533 545 550 583 585 587 593 607 612 617 620 625 626 649 652 666 679 683 694 704 706 728 732 738 739 752 758 760 768 782 786 788 790 792 796 810 814 820 858 864 870 877 888 891 913 925 933 934 941 942 963 971 982 1008 1036 1041 1043 1053 1071 1075 1076 1084 1100 1104 1112 1116 1117 1136 1163 1164 1175 1187 1196

--- np=4 ---
Execution time: 39.1752 seconds
Output:
9222
6 18 24 32 35 37 38 41 44 47 52 58 65 90 110 122 125 131 134 147 153 154 155 166 178 181 186 195 196 198 202 206 211 212 215 225 230 234 242 245 259 264 278 279 284 287 290 301 303 308 317 320 339 359 361 367 397 401 404 411 413 427 458 462 510 519 523 533 545 550 583 585 587 593 607 612 617 620 625 626 649 652 666 679 683 694 704 706 728 732 738 739 752 758 760 768 782 786 788 790 792 796 810 814 820 858 864 870 877 888 891 913 925 933 934 941 942 963 971 982 1008 1036 1041 1043 1053 1071 1075 1076 1084 1100 1104 1112 1116 1117 1136 1163 1164 1175 1187 1196

--- np=5 ---
Execution time: 49.5268 seconds
Output:
9222
6 18 24 32 35 37 38 41 44 47 52 58 65 90 110 122 125 131 134 147 153 154 155 166 178 181 186 195 196 198 202 206 211 212 215 225 230 234 242 245 259 264 278 279 284 287 290 301 303 308 317 320 339 359 361 367 397 401 404 411 413 427 458 462 510 519 523 533 545 550 583 585 587 593 607 612 617 620 625 626 649 652 666 679 683 694 704 706 728 732 738 739 752 758 760 768 782 786 788 790 792 796 810 814 820 858 864 870 877 888 891 913 925 933 934 941 942 963 971 982 1008 1036 1041 1043 1053 1071 1075 1076 1084 1100 1104 1112 1116 1117 1136 1163 1164 1175 1187 1196

--- np=6 ---
Execution time: 51.8965 seconds
Output:
9222
6 18 24 32 35 37 38 41 44 47 52 58 65 90 110 122 125 131 134 147 153 154 155 166 178 181 186 195 196 198 202 206 211 212 215 225 230 234 242 245 259 264 278 279 284 287 290 301 303 308 317 320 339 359 361 367 397 401 404 411 413 427 458 462 510 519 523 533 545 550 583 585 587 593 607 612 617 620 625 626 649 652 666 679 683 694 704 706 728 732 738 739 752 758 760 768 782 786 788 790 792 796 810 814 820 858 864 870 877 888 891 913 925 933 934 941 942 963 971 982 1008 1036 1041 1043 1053 1071 1075 1076 1084 1100 1104 1112 1116 1117 1136 1163 1164 1175 1187 1196

--- np=7 ---
Execution time: 54.0706 seconds
Output:
9222
6 18 24 32 35 37 38 41 44 47 52 58 65 90 110 122 125 131 134 147 153 154 155 166 178 181 186 195 196 198 202 206 211 212 215 225 230 234 242 245 259 264 278 279 284 287 290 301 303 308 317 320 339 359 361 367 397 401 404 411 413 427 458 462 510 519 523 533 545 550 583 585 587 593 607 612 617 620 625 626 649 652 666 679 683 694 704 706 728 732 738 739 752 758 760 768 782 786 788 790 792 796 810 814 820 858 864 870 877 888 891 913 925 933 934 941 942 963 971 982 1008 1036 1041 1043 1053 1071 1075 1076 1084 1100 1104 1112 1116 1117 1136 1163 1164 1175 1187 1196

--- np=8 ---
Execution time: 60.9041 seconds
Output:
9222
6 18 24 32 35 37 38 41 44 47 52 58 65 90 110 122 125 131 134 147 153 154 155 166 178 181 186 195 196 198 202 206 211 212 215 225 230 234 242 245 259 264 278 279 284 287 290 301 303 308 317 320 339 359 361 367 397 401 404 411 413 427 458 462 510 519 523 533 545 550 583 585 587 593 607 612 617 620 625 626 649 652 666 679 683 694 704 706 728 732 738 739 752 758 760 768 782 786 788 790 792 796 810 814 820 858 864 870 877 888 891 913 925 933 934 941 942 963 971 982 1008 1036 1041 1043 1053 1071 1075 1076 1084 1100 1104 1112 1116 1117 1136 1163 1164 1175 1187 1196

